
# TEST	None	None	None	None	None	Layer	

# Name	1	5	0	1.0	True	POLYLINE	
xyAbs	-17.8829	-18.3448	2.000
vtip	1.000000
xyAbs	-17.8829	-18.3448	5.000
xyAbs	-17.8829	-5.6676	5.000
xyAbs	-16.8829	-5.6676	5.000
xyAbs	-16.8829	-18.3448	5.000
xyAbs	-15.8829	-18.3448	5.000
xyAbs	-15.8829	-5.6676	5.000
xyAbs	-14.8829	-5.6676	5.000
xyAbs	-14.8829	-18.3448	5.000
xyAbs	-13.8829	-18.3448	5.000
xyAbs	-13.8829	-5.6676	5.000
xyAbs	-12.8829	-5.6676	5.000
xyAbs	-12.8829	-18.3448	5.000
xyAbs	-11.8829	-18.3448	5.000
xyAbs	-11.8829	-5.6676	5.000
xyAbs	-10.8829	-5.6676	5.000
xyAbs	-10.8829	-18.3448	5.000
xyAbs	-9.8829	-18.3448	5.000
xyAbs	-9.8829	-5.6676	5.000
xyAbs	-8.8829	-5.6676	5.000
xyAbs	-8.8829	-18.3448	5.000
xyAbs	-7.8829	-18.3448	5.000
xyAbs	-7.8829	-5.6676	5.000
xyAbs	-6.8829	-5.6676	5.000
xyAbs	-6.8829	-18.3448	5.000
vtip	0.000000

# Name	2	5	0	0.05	False	POLYLINE	
xyAbs	-22.0541	-17.2010	2.000
vtip	2.000000
xyAbs	-22.0541	-17.2010	5.000
xyAbs	-22.0840	-16.9287	5.000
xyAbs	-22.1138	-16.6563	5.000
xyAbs	-22.1435	-16.3841	5.000
xyAbs	-22.1729	-16.1121	5.000
xyAbs	-22.2019	-15.8403	5.000
xyAbs	-22.2305	-15.5688	5.000
xyAbs	-22.2585	-15.2976	5.000
xyAbs	-22.2860	-15.0267	5.000
xyAbs	-22.3127	-14.7564	5.000
xyAbs	-22.3387	-14.4865	5.000
xyAbs	-22.3638	-14.2171	5.000
xyAbs	-22.3879	-13.9484	5.000
xyAbs	-22.4110	-13.6804	5.000
xyAbs	-22.4329	-13.4130	5.000
xyAbs	-22.4536	-13.1464	5.000
xyAbs	-22.4730	-12.8807	5.000
xyAbs	-22.4910	-12.6158	5.000
xyAbs	-22.5075	-12.3519	5.000
xyAbs	-22.5224	-12.0890	5.000
xyAbs	-22.5357	-11.8271	5.000
xyAbs	-22.5472	-11.5663	5.000
xyAbs	-22.5568	-11.3067	5.000
xyAbs	-22.5646	-11.0483	5.000
xyAbs	-22.5703	-10.7911	5.000
xyAbs	-22.5739	-10.5353	5.000
xyAbs	-22.5754	-10.2809	5.000
xyAbs	-22.5745	-10.0278	5.000
xyAbs	-22.5713	-9.7763	5.000
xyAbs	-22.5656	-9.5264	5.000
xyAbs	-22.5574	-9.2780	5.000
xyAbs	-22.5466	-9.0313	5.000
xyAbs	-22.5330	-8.7862	5.000
xyAbs	-22.5167	-8.5430	5.000
xyAbs	-22.4974	-8.3016	5.000
xyAbs	-22.4752	-8.0620	5.000
xyAbs	-22.4499	-7.8244	5.000
xyAbs	-22.4215	-7.5888	5.000
xyAbs	-22.3898	-7.3552	5.000
xyAbs	-22.3548	-7.1237	5.000
xyAbs	-22.3163	-6.8943	5.000
xyAbs	-22.2744	-6.6672	5.000
xyAbs	-22.2289	-6.4423	5.000
xyAbs	-22.1797	-6.2197	5.000
xyAbs	-22.1267	-5.9995	5.000
xyAbs	-22.0699	-5.7818	5.000
xyAbs	-22.0091	-5.5665	5.000
xyAbs	-21.9443	-5.3537	5.000
xyAbs	-21.8754	-5.1436	5.000
xyAbs	-21.8023	-4.9360	5.000
xyAbs	-21.7248	-4.7312	5.000
xyAbs	-21.6430	-4.5292	5.000
xyAbs	-21.5568	-4.3299	5.000
xyAbs	-21.4659	-4.1336	5.000
xyAbs	-21.3705	-3.9401	5.000
xyAbs	-21.2703	-3.7496	5.000
xyAbs	-21.1653	-3.5622	5.000
xyAbs	-21.0554	-3.3778	5.000
xyAbs	-20.9404	-3.1966	5.000
xyAbs	-20.8204	-3.0186	5.000
xyAbs	-20.6953	-2.8439	5.000
xyAbs	-20.5649	-2.6724	5.000
xyAbs	-20.4291	-2.5043	5.000
xyAbs	-20.2879	-2.3397	5.000
xyAbs	-20.1412	-2.1785	5.000
xyAbs	-19.9889	-2.0208	5.000
xyAbs	-19.8313	-1.8667	5.000
xyAbs	-19.6684	-1.7161	5.000
xyAbs	-19.5004	-1.5692	5.000
xyAbs	-19.3275	-1.4258	5.000
xyAbs	-19.1496	-1.2861	5.000
xyAbs	-18.9671	-1.1501	5.000
xyAbs	-18.7800	-1.0178	5.000
xyAbs	-18.5884	-0.8892	5.000
xyAbs	-18.3926	-0.7643	5.000
xyAbs	-18.1925	-0.6432	5.000
xyAbs	-17.9885	-0.5259	5.000
xyAbs	-17.7805	-0.4124	5.000
xyAbs	-17.5688	-0.3028	5.000
xyAbs	-17.3534	-0.1971	5.000
xyAbs	-17.1346	-0.0952	5.000
xyAbs	-16.9124	0.0027	5.000
xyAbs	-16.6870	0.0967	5.000
xyAbs	-16.4585	0.1867	5.000
xyAbs	-16.2270	0.2726	5.000
xyAbs	-15.9928	0.3546	5.000
xyAbs	-15.7559	0.4325	5.000
xyAbs	-15.5164	0.5064	5.000
xyAbs	-15.2745	0.5761	5.000
xyAbs	-15.0304	0.6417	5.000
xyAbs	-14.7841	0.7032	5.000
xyAbs	-14.5358	0.7604	5.000
xyAbs	-14.2857	0.8135	5.000
xyAbs	-14.0338	0.8623	5.000
xyAbs	-13.7804	0.9069	5.000
xyAbs	-13.5255	0.9472	5.000
xyAbs	-13.2692	0.9832	5.000
xyAbs	-13.0118	1.0149	5.000
xyAbs	-12.7534	1.0422	5.000
xyAbs	-12.4940	1.0651	5.000
xyAbs	-12.2339	1.0837	5.000
xyAbs	-11.9731	1.0978	5.000
xyAbs	-11.7118	1.1074	5.000
xyAbs	-11.4502	1.1125	5.000
xyAbs	-11.1883	1.1132	5.000
xyAbs	-10.9263	1.1093	5.000
xyAbs	-10.6644	1.1008	5.000
xyAbs	-10.4026	1.0878	5.000
xyAbs	-10.1412	1.0701	5.000
xyAbs	-9.8801	1.0478	5.000
xyAbs	-9.6197	1.0209	5.000
xyAbs	-9.3600	0.9892	5.000
xyAbs	-9.1012	0.9529	5.000
xyAbs	-8.8433	0.9118	5.000
xyAbs	-8.5866	0.8660	5.000
xyAbs	-8.3311	0.8153	5.000
xyAbs	-8.0770	0.7599	5.000
xyAbs	-7.8245	0.6996	5.000
xyAbs	-7.5736	0.6344	5.000
xyAbs	-7.3245	0.5644	5.000
xyAbs	-7.0774	0.4894	5.000
xyAbs	-6.8323	0.4095	5.000
xyAbs	-6.5894	0.3246	5.000
xyAbs	-6.3489	0.2348	5.000
xyAbs	-6.1109	0.1399	5.000
xyAbs	-5.8754	0.0401	5.000
xyAbs	-5.6424	-0.0645	5.000
xyAbs	-5.4120	-0.1739	5.000
xyAbs	-5.1842	-0.2881	5.000
xyAbs	-4.9591	-0.4069	5.000
xyAbs	-4.7367	-0.5302	5.000
xyAbs	-4.5170	-0.6580	5.000
xyAbs	-4.3000	-0.7903	5.000
xyAbs	-4.0859	-0.9268	5.000
xyAbs	-3.8746	-1.0677	5.000
xyAbs	-3.6662	-1.2127	5.000
xyAbs	-3.4607	-1.3618	5.000
xyAbs	-3.2582	-1.5150	5.000
xyAbs	-3.0586	-1.6721	5.000
xyAbs	-2.8620	-1.8331	5.000
xyAbs	-2.6686	-1.9980	5.000
xyAbs	-2.4782	-2.1665	5.000
xyAbs	-2.2909	-2.3388	5.000
xyAbs	-2.1068	-2.5146	5.000
xyAbs	-1.9259	-2.6939	5.000
xyAbs	-1.7483	-2.8767	5.000
xyAbs	-1.5739	-3.0628	5.000
xyAbs	-1.4028	-3.2522	5.000
xyAbs	-1.2351	-3.4449	5.000
xyAbs	-1.0708	-3.6406	5.000
xyAbs	-0.9099	-3.8395	5.000
xyAbs	-0.7524	-4.0413	5.000
xyAbs	-0.5985	-4.2461	5.000
xyAbs	-0.4480	-4.4536	5.000
xyAbs	-0.3012	-4.6640	5.000
xyAbs	-0.1579	-4.8770	5.000
xyAbs	-0.0183	-5.0927	5.000
xyAbs	0.1176	-5.3109	5.000
xyAbs	0.2498	-5.5316	5.000
xyAbs	0.3783	-5.7546	5.000
xyAbs	0.5030	-5.9800	5.000
xyAbs	0.6238	-6.2076	5.000
xyAbs	0.7408	-6.4374	5.000
xyAbs	0.8539	-6.6692	5.000
xyAbs	0.9631	-6.9031	5.000
xyAbs	1.0683	-7.1390	5.000
xyAbs	1.1695	-7.3767	5.000
xyAbs	1.2667	-7.6162	5.000
xyAbs	1.3598	-7.8574	5.000
xyAbs	1.4487	-8.1002	5.000
xyAbs	1.5335	-8.3446	5.000
xyAbs	1.6142	-8.5906	5.000
xyAbs	1.6906	-8.8379	5.000
xyAbs	1.7627	-9.0866	5.000
xyAbs	1.8306	-9.3365	5.000
xyAbs	1.8941	-9.5877	5.000
xyAbs	1.9532	-9.8399	5.000
xyAbs	2.0080	-10.0933	5.000
xyAbs	2.0583	-10.3475	5.000
xyAbs	2.1041	-10.6027	5.000
xyAbs	2.1454	-10.8587	5.000
xyAbs	2.1821	-11.1154	5.000
xyAbs	2.2143	-11.3729	5.000
xyAbs	2.2418	-11.6309	5.000
xyAbs	2.2647	-11.8894	5.000
xyAbs	2.2829	-12.1484	5.000
xyAbs	2.2963	-12.4077	5.000
xyAbs	2.3050	-12.6674	5.000
xyAbs	2.3089	-12.9273	5.000
xyAbs	2.3079	-13.1873	5.000
xyAbs	2.3021	-13.4474	5.000
xyAbs	2.2913	-13.7075	5.000
xyAbs	2.2756	-13.9675	5.000
xyAbs	2.2549	-14.2273	5.000
xyAbs	2.2291	-14.4870	5.000
xyAbs	2.1984	-14.7463	5.000
xyAbs	2.1625	-15.0053	5.000
xyAbs	2.1214	-15.2638	5.000
xyAbs	2.0752	-15.5218	5.000
xyAbs	2.0238	-15.7791	5.000
xyAbs	1.9672	-16.0358	5.000
xyAbs	1.9052	-16.2918	5.000
xyAbs	1.8380	-16.5468	5.000
xyAbs	1.7656	-16.8007	5.000
xyAbs	1.6880	-17.0532	5.000
xyAbs	1.6052	-17.3039	5.000
xyAbs	1.5174	-17.5526	5.000
xyAbs	1.4245	-17.7990	5.000
xyAbs	1.3267	-18.0429	5.000
xyAbs	1.2240	-18.2839	5.000
xyAbs	1.1164	-18.5219	5.000
xyAbs	1.0039	-18.7565	5.000
xyAbs	0.8867	-18.9874	5.000
xyAbs	0.7648	-19.2144	5.000
xyAbs	0.6383	-19.4372	5.000
xyAbs	0.5071	-19.6555	5.000
xyAbs	0.3713	-19.8690	5.000
xyAbs	0.2311	-20.0775	5.000
xyAbs	0.0864	-20.2807	5.000
xyAbs	-0.0627	-20.4783	5.000
xyAbs	-0.2161	-20.6701	5.000
xyAbs	-0.3738	-20.8557	5.000
xyAbs	-0.5358	-21.0349	5.000
xyAbs	-0.7020	-21.2075	5.000
xyAbs	-0.8723	-21.3730	5.000
xyAbs	-1.0467	-21.5314	5.000
xyAbs	-1.2251	-21.6822	5.000
xyAbs	-1.4075	-21.8252	5.000
xyAbs	-1.5939	-21.9601	5.000
xyAbs	-1.7841	-22.0868	5.000
xyAbs	-1.9781	-22.2047	5.000
xyAbs	-2.1759	-22.3139	5.000
xyAbs	-2.3775	-22.4138	5.000
xyAbs	-2.5827	-22.5043	5.000
xyAbs	-2.7916	-22.5850	5.000
xyAbs	-3.0040	-22.6558	5.000
xyAbs	-3.2198	-22.7166	5.000
xyAbs	-3.4390	-22.7679	5.000
xyAbs	-3.6613	-22.8102	5.000
xyAbs	-3.8866	-22.8439	5.000
xyAbs	-4.1146	-22.8696	5.000
xyAbs	-4.3452	-22.8878	5.000
xyAbs	-4.5783	-22.8990	5.000
xyAbs	-4.8137	-22.9037	5.000
xyAbs	-5.0511	-22.9024	5.000
xyAbs	-5.2904	-22.8955	5.000
xyAbs	-5.5315	-22.8837	5.000
xyAbs	-5.7741	-22.8673	5.000
xyAbs	-6.0181	-22.8469	5.000
xyAbs	-6.2634	-22.8230	5.000
xyAbs	-6.5097	-22.7961	5.000
xyAbs	-6.7568	-22.7667	5.000
xyAbs	-7.0047	-22.7353	5.000
xyAbs	-7.2530	-22.7024	5.000
xyAbs	-7.5017	-22.6685	5.000
xyAbs	-7.7506	-22.6341	5.000
vtip	0.000000
