
# AB Contacts	True	20.0	1.0	0.0	0.1	0.0	False	(255, 255, 255)	LAYER	

# B3	False	20.0	1.0	0.0	0.1	0.0	False	(255, 0, 255)	POLYLINE	
vtip	0.000000
xyAbs	-15.8076	7.9963	4.000
vtip	0.000000
xyAbs	-15.8076	7.9963	1.000
xyAbs	-13.7016	6.9478	1.000
xyAbs	-11.5582	5.8158	1.000
xyAbs	-10.9047	5.4272	1.000
xyAbs	-10.2504	5.0174	1.000
xyAbs	-9.9233	4.7885	1.000
xyAbs	-9.6035	4.5534	1.000
xyAbs	-9.3771	4.3695	1.000
xyAbs	-9.1566	4.1818	1.000
xyAbs	-8.9892	4.0247	1.000
xyAbs	-8.8265	3.8650	1.000
xyAbs	-8.6970	3.7249	1.000
xyAbs	-8.5716	3.5828	1.000
xyAbs	-8.4671	3.4522	1.000
xyAbs	-8.3662	3.3199	1.000
xyAbs	-8.2840	3.2004	1.000
xyAbs	-8.2048	3.0796	1.000
xyAbs	-8.1386	2.9671	1.000
xyAbs	-8.0751	2.8535	1.000
xyAbs	-8.0203	2.7431	1.000
xyAbs	-7.9681	2.6317	1.000
xyAbs	-7.9239	2.5238	1.000
xyAbs	-7.8822	2.4150	1.000
xyAbs	-7.8478	2.3102	1.000
xyAbs	-7.8157	2.2045	1.000
xyAbs	-7.7810	2.0641	1.000
xyAbs	-7.7647	1.9904	1.000
xyAbs	-7.7459	1.8837	1.000
xyAbs	-7.7295	1.7761	1.000
xyAbs	-7.7180	1.6654	1.000
xyAbs	-7.7089	1.5540	1.000
xyAbs	-7.7051	1.4414	1.000
xyAbs	-7.7039	1.3281	1.000
xyAbs	-7.7081	1.2122	1.000
xyAbs	-7.7151	1.0959	1.000
xyAbs	-7.7276	0.9789	1.000
xyAbs	-7.7429	0.8617	1.000
xyAbs	-7.7639	0.7450	1.000
xyAbs	-7.7902	0.6153	1.000
xyAbs	-7.8287	0.4638	1.000
xyAbs	-7.8707	0.3132	1.000
xyAbs	-7.9371	0.1123	1.000
xyAbs	-8.0076	-0.0851	1.000
xyAbs	-8.1381	-0.4008	1.000
xyAbs	-8.2683	-0.6961	1.000
xyAbs	-8.3085	-0.7828	1.000
xyAbs	-8.3222	-0.8144	1.000
xyAbs	-8.3262	-0.8257	1.000
xyAbs	-8.3301	-0.8374	1.000
xyAbs	-8.3332	-0.8485	1.000
xyAbs	-8.3361	-0.8601	1.000
xyAbs	-8.3387	-0.8727	1.000
xyAbs	-8.3410	-0.8858	1.000
xyAbs	-8.3431	-0.9012	1.000
xyAbs	-8.3448	-0.9174	1.000
xyAbs	-8.3467	-0.9520	1.000
xyAbs	-8.3475	-0.9696	1.000
xyAbs	-8.3475	-0.9696	1.000
xyAbs	-8.3475	-0.9697	1.000
xyAbs	-8.3475	-0.9697	1.000
xyAbs	-8.3475	-0.9697	1.000
xyAbs	-8.3475	-0.9697	1.000
xyAbs	-8.3475	-0.9697	1.000
xyAbs	-8.3475	-0.9697	1.000
xyAbs	-8.3475	-0.9697	1.000
xyAbs	-8.3475	-0.9697	1.000
xyAbs	-8.3475	-0.9697	1.000
xyAbs	-8.3475	-0.9697	1.000
xyAbs	-8.3475	-0.9697	1.000
xyAbs	-8.3475	-0.9697	1.000
xyAbs	-8.3475	-0.9697	1.000
xyAbs	-8.3475	-0.9697	1.000
xyAbs	-8.3475	-0.9697	1.000
xyAbs	-8.3475	-0.9697	1.000
xyAbs	-8.3475	-0.9697	1.000
xyAbs	-8.3475	-0.9697	1.000
xyAbs	-8.3475	-0.9696	1.000
xyAbs	-8.3475	-0.9696	1.000
xyAbs	-8.3476	-0.9694	1.000
xyAbs	-8.3476	-0.9692	1.000
xyAbs	-8.3483	-0.9470	1.000
xyAbs	-8.3518	-0.8932	1.000
xyAbs	-8.3539	-0.8792	1.000
xyAbs	-8.3562	-0.8659	1.000
xyAbs	-8.3589	-0.8535	1.000
xyAbs	-8.3619	-0.8417	1.000
xyAbs	-8.3655	-0.8295	1.000
xyAbs	-8.3693	-0.8177	1.000
xyAbs	-8.3757	-0.8007	1.000
xyAbs	-8.3825	-0.7843	1.000
xyAbs	-8.4370	-0.6495	1.000
xyAbs	-8.5198	-0.4535	1.000
xyAbs	-8.5396	-0.4173	1.000
xyAbs	-8.5601	-0.3817	1.000
xyAbs	-8.5832	-0.3459	1.000
xyAbs	-8.6071	-0.3107	1.000
xyAbs	-8.6337	-0.2754	1.000
xyAbs	-8.6610	-0.2408	1.000
xyAbs	-8.6911	-0.2062	1.000
xyAbs	-8.7219	-0.1724	1.000
xyAbs	-8.7582	-0.1362	1.000
xyAbs	-8.7953	-0.1009	1.000
xyAbs	-8.8383	-0.0638	1.000
xyAbs	-8.8822	-0.0277	1.000
xyAbs	-8.9338	0.0108	1.000
xyAbs	-8.9865	0.0481	1.000
xyAbs	-9.0503	0.0890	1.000
xyAbs	-9.1153	0.1285	1.000
xyAbs	-9.1984	0.1738	1.000
xyAbs	-9.2828	0.2173	1.000
xyAbs	-9.4010	0.2711	1.000
xyAbs	-9.5202	0.3220	1.000
xyAbs	-9.6773	0.3809	1.000
xyAbs	-9.8457	0.4397	1.000
xyAbs	-10.0379	0.4966	1.000
xyAbs	-10.2305	0.5489	1.000
xyAbs	-10.4866	0.6053	1.000
xyAbs	-10.7432	0.6556	1.000
xyAbs	-11.2747	0.7318	1.000
xyAbs	-12.1938	0.8411	1.000
xyAbs	-14.5076	1.0051	1.000
xyAbs	-16.8327	1.1158	1.000
xyAbs	-17.3968	1.1332	1.000
xyAbs	-17.9781	1.1505	1.000
vtip	0.000000
# end	B3	

# 131	False	20.0	1.0	0.0	0.1	0.0	False	(255, 0, 255)	POLYLINE	
vtip	0.000000
xyAbs	-15.4801	8.2574	4.000
vtip	0.000000
xyAbs	-15.4801	8.2574	1.000
xyAbs	-13.4129	7.1341	1.000
xyAbs	-11.3114	5.9262	1.000
xyAbs	-10.6724	5.5145	1.000
xyAbs	-10.0333	5.0817	1.000
xyAbs	-9.7148	4.8413	1.000
xyAbs	-9.4036	4.5950	1.000
xyAbs	-9.1840	4.4031	1.000
xyAbs	-8.9704	4.2076	1.000
xyAbs	-8.8087	4.0447	1.000
xyAbs	-8.6519	3.8792	1.000
xyAbs	-8.5275	3.7346	1.000
xyAbs	-8.4072	3.5882	1.000
xyAbs	-8.3075	3.4539	1.000
xyAbs	-8.2113	3.3181	1.000
xyAbs	-8.1334	3.1957	1.000
xyAbs	-8.0586	3.0720	1.000
xyAbs	-7.9964	2.9572	1.000
xyAbs	-7.9370	2.8414	1.000
xyAbs	-7.8862	2.7291	1.000
xyAbs	-7.8379	2.6158	1.000
xyAbs	-7.7976	2.5065	1.000
xyAbs	-7.7598	2.3962	1.000
xyAbs	-7.7291	2.2902	1.000
xyAbs	-7.7008	2.1833	1.000
xyAbs	-7.6710	2.0417	1.000
xyAbs	-7.6573	1.9674	1.000
xyAbs	-7.6422	1.8600	1.000
xyAbs	-7.6296	1.7519	1.000
xyAbs	-7.6220	1.6408	1.000
xyAbs	-7.6169	1.5291	1.000
xyAbs	-7.6171	1.4164	1.000
xyAbs	-7.6199	1.3032	1.000
xyAbs	-7.6281	1.1893	1.000
xyAbs	-7.6390	1.0750	1.000
xyAbs	-7.6554	0.9604	1.000
xyAbs	-7.6745	0.8456	1.000
xyAbs	-7.6988	0.7329	1.000
xyAbs	-7.7288	0.6075	1.000
xyAbs	-7.7718	0.4599	1.000
xyAbs	-7.8183	0.3131	1.000
xyAbs	-7.8902	0.1189	1.000
xyAbs	-7.9659	-0.0720	1.000
xyAbs	-8.1107	-0.3898	1.000
xyAbs	-8.2547	-0.6872	1.000
xyAbs	-8.3020	-0.7805	1.000
xyAbs	-8.3177	-0.8134	1.000
xyAbs	-8.3221	-0.8244	1.000
xyAbs	-8.3263	-0.8358	1.000
xyAbs	-8.3297	-0.8467	1.000
xyAbs	-8.3330	-0.8580	1.000
xyAbs	-8.3359	-0.8702	1.000
xyAbs	-8.3386	-0.8830	1.000
xyAbs	-8.3410	-0.8978	1.000
xyAbs	-8.3432	-0.9132	1.000
xyAbs	-8.3463	-0.9514	1.000
xyAbs	-8.3475	-0.9696	1.000
xyAbs	-8.3475	-0.9697	1.000
xyAbs	-8.3475	-0.9697	1.000
xyAbs	-8.3475	-0.9697	1.000
xyAbs	-8.3475	-0.9697	1.000
xyAbs	-8.3475	-0.9697	1.000
xyAbs	-8.3475	-0.9697	1.000
xyAbs	-8.3475	-0.9697	1.000
xyAbs	-8.3475	-0.9697	1.000
xyAbs	-8.3475	-0.9697	1.000
xyAbs	-8.3475	-0.9697	1.000
xyAbs	-8.3475	-0.9697	1.000
xyAbs	-8.3475	-0.9697	1.000
xyAbs	-8.3475	-0.9697	1.000
xyAbs	-8.3475	-0.9697	1.000
xyAbs	-8.3475	-0.9697	1.000
xyAbs	-8.3475	-0.9697	1.000
xyAbs	-8.3475	-0.9697	1.000
xyAbs	-8.3475	-0.9697	1.000
xyAbs	-8.3475	-0.9697	1.000
xyAbs	-8.3475	-0.9696	1.000
xyAbs	-8.3475	-0.9696	1.000
xyAbs	-8.3476	-0.9695	1.000
xyAbs	-8.3476	-0.9693	1.000
xyAbs	-8.3479	-0.9457	1.000
xyAbs	-8.3507	-0.8866	1.000
xyAbs	-8.3526	-0.8727	1.000
xyAbs	-8.3548	-0.8594	1.000
xyAbs	-8.3574	-0.8469	1.000
xyAbs	-8.3602	-0.8348	1.000
xyAbs	-8.3639	-0.8218	1.000
xyAbs	-8.3679	-0.8091	1.000
xyAbs	-8.4174	-0.6764	1.000
xyAbs	-8.4785	-0.5127	1.000
xyAbs	-8.4898	-0.4873	1.000
xyAbs	-8.5131	-0.4372	1.000
xyAbs	-8.5332	-0.3993	1.000
xyAbs	-8.5541	-0.3620	1.000
xyAbs	-8.5777	-0.3245	1.000
xyAbs	-8.6020	-0.2876	1.000
xyAbs	-8.6291	-0.2507	1.000
xyAbs	-8.6569	-0.2144	1.000
xyAbs	-8.6888	-0.1768	1.000
xyAbs	-8.7214	-0.1400	1.000
xyAbs	-8.7596	-0.1009	1.000
xyAbs	-8.7987	-0.0627	1.000
xyAbs	-8.8438	-0.0227	1.000
xyAbs	-8.8898	0.0163	1.000
xyAbs	-8.9450	0.0587	1.000
xyAbs	-9.0013	0.0999	1.000
xyAbs	-9.0719	0.1466	1.000
xyAbs	-9.1437	0.1918	1.000
xyAbs	-9.2385	0.2452	1.000
xyAbs	-9.3345	0.2966	1.000
xyAbs	-9.4659	0.3590	1.000
xyAbs	-9.6246	0.4300	1.000
xyAbs	-9.8032	0.5000	1.000
xyAbs	-9.9825	0.5655	1.000
xyAbs	-10.2026	0.6342	1.000
xyAbs	-10.4235	0.6976	1.000
xyAbs	-10.7637	0.7772	1.000
xyAbs	-11.1050	0.8488	1.000
xyAbs	-11.8598	0.9711	1.000
xyAbs	-13.0453	1.1390	1.000
xyAbs	-15.4556	1.3421	1.000
xyAbs	-17.8943	1.4937	1.000
vtip	0.000000
# end	131	

# 1AD	False	20.0	1.0	0.0	0.1	0.0	False	(255, 0, 255)	POLYLINE	
vtip	0.000000
xyAbs	-15.1435	8.5066	4.000
vtip	0.000000
xyAbs	-15.1435	8.5066	1.000
xyAbs	-13.1177	7.3100	1.000
xyAbs	-11.0609	6.0277	1.000
xyAbs	-10.4371	5.5935	1.000
xyAbs	-9.8141	5.1382	1.000
xyAbs	-9.5045	4.8866	1.000
xyAbs	-9.2024	4.6294	1.000
xyAbs	-8.9898	4.4298	1.000
xyAbs	-8.7834	4.2268	1.000
xyAbs	-8.6277	4.0582	1.000
xyAbs	-8.4769	3.8873	1.000
xyAbs	-8.3578	3.7383	1.000
xyAbs	-8.2428	3.5876	1.000
xyAbs	-8.1479	3.4499	1.000
xyAbs	-8.0567	3.3107	1.000
xyAbs	-7.9832	3.1856	1.000
xyAbs	-7.9128	3.0593	1.000
xyAbs	-7.8547	2.9423	1.000
xyAbs	-7.7995	2.8244	1.000
xyAbs	-7.7526	2.7103	1.000
xyAbs	-7.7084	2.5953	1.000
xyAbs	-7.6720	2.4846	1.000
xyAbs	-7.6381	2.3730	1.000
xyAbs	-7.6112	2.2659	1.000
xyAbs	-7.5866	2.1580	1.000
xyAbs	-7.5618	2.0153	1.000
xyAbs	-7.5507	1.9406	1.000
xyAbs	-7.5395	1.8327	1.000
xyAbs	-7.5307	1.7242	1.000
xyAbs	-7.5269	1.6128	1.000
xyAbs	-7.5258	1.5010	1.000
xyAbs	-7.5300	1.3883	1.000
xyAbs	-7.5368	1.2753	1.000
xyAbs	-7.5491	1.1617	1.000
xyAbs	-7.5641	1.0480	1.000
xyAbs	-7.5847	0.9340	1.000
xyAbs	-7.6080	0.8200	1.000
xyAbs	-7.6365	0.7085	1.000
xyAbs	-7.6712	0.5844	1.000
xyAbs	-7.7190	0.4409	1.000
xyAbs	-7.7702	0.2983	1.000
xyAbs	-7.8484	0.1091	1.000
xyAbs	-7.9303	-0.0767	1.000
xyAbs	-8.1002	-0.4140	1.000
xyAbs	-8.2672	-0.7274	1.000
xyAbs	-8.2994	-0.7857	1.000
xyAbs	-8.3126	-0.8114	1.000
xyAbs	-8.3173	-0.8221	1.000
xyAbs	-8.3219	-0.8332	1.000
xyAbs	-8.3257	-0.8437	1.000
xyAbs	-8.3293	-0.8546	1.000
xyAbs	-8.3325	-0.8662	1.000
xyAbs	-8.3355	-0.8783	1.000
xyAbs	-8.3384	-0.8922	1.000
xyAbs	-8.3410	-0.9068	1.000
xyAbs	-8.3444	-0.9354	1.000
xyAbs	-8.3459	-0.9506	1.000
xyAbs	-8.3468	-0.9622	1.000
xyAbs	-8.3475	-0.9695	1.000
xyAbs	-8.3475	-0.9696	1.000
xyAbs	-8.3475	-0.9696	1.000
xyAbs	-8.3475	-0.9697	1.000
xyAbs	-8.3475	-0.9697	1.000
xyAbs	-8.3475	-0.9697	1.000
xyAbs	-8.3475	-0.9697	1.000
xyAbs	-8.3475	-0.9697	1.000
xyAbs	-8.3475	-0.9697	1.000
xyAbs	-8.3475	-0.9697	1.000
xyAbs	-8.3475	-0.9697	1.000
xyAbs	-8.3475	-0.9697	1.000
xyAbs	-8.3475	-0.9697	1.000
xyAbs	-8.3475	-0.9697	1.000
xyAbs	-8.3475	-0.9697	1.000
xyAbs	-8.3475	-0.9697	1.000
xyAbs	-8.3475	-0.9697	1.000
xyAbs	-8.3475	-0.9697	1.000
xyAbs	-8.3475	-0.9697	1.000
xyAbs	-8.3475	-0.9697	1.000
xyAbs	-8.3475	-0.9697	1.000
xyAbs	-8.3475	-0.9696	1.000
xyAbs	-8.3475	-0.9696	1.000
xyAbs	-8.3476	-0.9695	1.000
xyAbs	-8.3476	-0.9693	1.000
xyAbs	-8.3474	-0.9447	1.000
xyAbs	-8.3492	-0.8825	1.000
xyAbs	-8.3509	-0.8683	1.000
xyAbs	-8.3528	-0.8547	1.000
xyAbs	-8.3553	-0.8419	1.000
xyAbs	-8.3579	-0.8295	1.000
xyAbs	-8.3616	-0.8155	1.000
xyAbs	-8.3656	-0.8020	1.000
xyAbs	-8.4116	-0.6686	1.000
xyAbs	-8.4686	-0.5056	1.000
xyAbs	-8.4808	-0.4767	1.000
xyAbs	-8.5026	-0.4276	1.000
xyAbs	-8.5228	-0.3878	1.000
xyAbs	-8.5438	-0.3486	1.000
xyAbs	-8.5675	-0.3093	1.000
xyAbs	-8.5920	-0.2705	1.000
xyAbs	-8.6203	-0.2302	1.000
xyAbs	-8.6495	-0.1907	1.000
xyAbs	-8.6828	-0.1499	1.000
xyAbs	-8.7170	-0.1099	1.000
xyAbs	-8.7568	-0.0677	1.000
xyAbs	-8.7977	-0.0263	1.000
xyAbs	-8.8458	0.0179	1.000
xyAbs	-8.8950	0.0612	1.000
xyAbs	-8.9549	0.1089	1.000
xyAbs	-9.0160	0.1553	1.000
xyAbs	-9.0944	0.2091	1.000
xyAbs	-9.1742	0.2613	1.000
xyAbs	-9.2862	0.3269	1.000
xyAbs	-9.3996	0.3900	1.000
xyAbs	-9.5547	0.4672	1.000
xyAbs	-9.7292	0.5493	1.000
xyAbs	-9.9250	0.6301	1.000
xyAbs	-10.1219	0.7060	1.000
xyAbs	-10.3774	0.7908	1.000
xyAbs	-10.6343	0.8694	1.000
xyAbs	-11.0461	0.9743	1.000
xyAbs	-11.6597	1.1140	1.000
xyAbs	-12.6098	1.2863	1.000
xyAbs	-13.5650	1.4367	1.000
xyAbs	-15.6681	1.6558	1.000
xyAbs	-17.7982	1.8337	1.000
vtip	0.000000
# end	1AD	

# 22C	False	20.0	1.0	0.0	0.1	0.0	False	(255, 0, 255)	POLYLINE	
vtip	0.000000
xyAbs	-14.7981	8.7437	4.000
vtip	0.000000
xyAbs	-14.7981	8.7437	1.000
xyAbs	-12.8163	7.4751	1.000
xyAbs	-10.8068	6.1202	1.000
xyAbs	-10.1992	5.6640	1.000
xyAbs	-9.5930	5.1869	1.000
xyAbs	-9.2927	4.9244	1.000
xyAbs	-9.0001	4.6566	1.000
xyAbs	-8.7948	4.4495	1.000
xyAbs	-8.5958	4.2394	1.000
xyAbs	-8.4463	4.0653	1.000
xyAbs	-8.3017	3.8891	1.000
xyAbs	-8.1880	3.7360	1.000
xyAbs	-8.0785	3.5812	1.000
xyAbs	-7.9886	3.4402	1.000
xyAbs	-7.9024	3.2978	1.000
xyAbs	-7.8334	3.1701	1.000
xyAbs	-7.7675	3.0414	1.000
xyAbs	-7.7137	2.9224	1.000
xyAbs	-7.6626	2.8025	1.000
xyAbs	-7.6199	2.6868	1.000
xyAbs	-7.5798	2.5703	1.000
xyAbs	-7.5473	2.4582	1.000
xyAbs	-7.5173	2.3454	1.000
xyAbs	-7.4942	2.2374	1.000
xyAbs	-7.4734	2.1287	1.000
xyAbs	-7.4537	1.9851	1.000
xyAbs	-7.4452	1.9100	1.000
xyAbs	-7.4377	1.8017	1.000
xyAbs	-7.4328	1.6929	1.000
xyAbs	-7.4329	1.5831	1.000
xyAbs	-7.4356	1.4730	1.000
xyAbs	-7.4435	1.3622	1.000
xyAbs	-7.4540	1.2512	1.000
xyAbs	-7.4698	1.1399	1.000
xyAbs	-7.4883	1.0285	1.000
xyAbs	-7.5123	0.9171	1.000
xyAbs	-7.5389	0.8058	1.000
xyAbs	-7.5697	0.6993	1.000
xyAbs	-7.6071	0.5805	1.000
xyAbs	-7.6579	0.4431	1.000
xyAbs	-7.7118	0.3066	1.000
xyAbs	-7.7934	0.1261	1.000
xyAbs	-7.8786	-0.0513	1.000
xyAbs	-8.0530	-0.3714	1.000
xyAbs	-8.2254	-0.6712	1.000
xyAbs	-8.2881	-0.7759	1.000
xyAbs	-8.3081	-0.8110	1.000
xyAbs	-8.3131	-0.8215	1.000
xyAbs	-8.3180	-0.8323	1.000
xyAbs	-8.3220	-0.8423	1.000
xyAbs	-8.3258	-0.8527	1.000
xyAbs	-8.3293	-0.8637	1.000
xyAbs	-8.3326	-0.8752	1.000
xyAbs	-8.3357	-0.8884	1.000
xyAbs	-8.3387	-0.9023	1.000
xyAbs	-8.3424	-0.9258	1.000
xyAbs	-8.3441	-0.9382	1.000
xyAbs	-8.3462	-0.9573	1.000
xyAbs	-8.3475	-0.9695	1.000
xyAbs	-8.3475	-0.9696	1.000
xyAbs	-8.3475	-0.9697	1.000
xyAbs	-8.3475	-0.9697	1.000
xyAbs	-8.3475	-0.9697	1.000
xyAbs	-8.3475	-0.9697	1.000
xyAbs	-8.3475	-0.9697	1.000
xyAbs	-8.3475	-0.9697	1.000
xyAbs	-8.3475	-0.9697	1.000
xyAbs	-8.3475	-0.9697	1.000
xyAbs	-8.3475	-0.9697	1.000
xyAbs	-8.3475	-0.9697	1.000
xyAbs	-8.3475	-0.9697	1.000
xyAbs	-8.3475	-0.9697	1.000
xyAbs	-8.3475	-0.9697	1.000
xyAbs	-8.3475	-0.9697	1.000
xyAbs	-8.3475	-0.9697	1.000
xyAbs	-8.3475	-0.9697	1.000
xyAbs	-8.3475	-0.9697	1.000
xyAbs	-8.3475	-0.9697	1.000
xyAbs	-8.3475	-0.9697	1.000
xyAbs	-8.3475	-0.9697	1.000
xyAbs	-8.3475	-0.9696	1.000
xyAbs	-8.3475	-0.9696	1.000
xyAbs	-8.3475	-0.9694	1.000
xyAbs	-8.3475	-0.9691	1.000
xyAbs	-8.3468	-0.9451	1.000
xyAbs	-8.3469	-0.8859	1.000
xyAbs	-8.3481	-0.8710	1.000
xyAbs	-8.3497	-0.8566	1.000
xyAbs	-8.3518	-0.8432	1.000
xyAbs	-8.3541	-0.8302	1.000
xyAbs	-8.3574	-0.8159	1.000
xyAbs	-8.3609	-0.8021	1.000
xyAbs	-8.4006	-0.6760	1.000
xyAbs	-8.4503	-0.5211	1.000
xyAbs	-8.4605	-0.4939	1.000
xyAbs	-8.4845	-0.4346	1.000
xyAbs	-8.5041	-0.3926	1.000
xyAbs	-8.5246	-0.3512	1.000
xyAbs	-8.5478	-0.3095	1.000
xyAbs	-8.5719	-0.2685	1.000
xyAbs	-8.5998	-0.2259	1.000
xyAbs	-8.6285	-0.1839	1.000
xyAbs	-8.6614	-0.1407	1.000
xyAbs	-8.6952	-0.0983	1.000
xyAbs	-8.7346	-0.0535	1.000
xyAbs	-8.7749	-0.0096	1.000
xyAbs	-8.8238	0.0387	1.000
xyAbs	-8.8738	0.0859	1.000
xyAbs	-8.9357	0.1389	1.000
xyAbs	-8.9990	0.1906	1.000
xyAbs	-9.0808	0.2511	1.000
xyAbs	-9.1642	0.3098	1.000
xyAbs	-9.2854	0.3866	1.000
xyAbs	-9.4138	0.4638	1.000
xyAbs	-9.5863	0.5572	1.000
xyAbs	-9.7602	0.6462	1.000
xyAbs	-9.9652	0.7391	1.000
xyAbs	-10.1717	0.8269	1.000
xyAbs	-10.4494	0.9296	1.000
xyAbs	-10.7290	1.0257	1.000
xyAbs	-11.1172	1.1399	1.000
xyAbs	-11.7909	1.3203	1.000
xyAbs	-12.6018	1.4971	1.000
xyAbs	-13.4175	1.6551	1.000
xyAbs	-15.0203	1.8796	1.000
xyAbs	-16.6326	2.0674	1.000
xyAbs	-17.1526	2.1182	1.000
xyAbs	-17.6900	2.1700	1.000
vtip	0.000000
# end	22C	

# 2AE	False	20.0	1.0	0.0	0.1	0.0	False	(255, 0, 255)	POLYLINE	
vtip	0.000000
xyAbs	-14.4445	8.9682	4.000
vtip	0.000000
xyAbs	-14.4445	8.9682	1.000
xyAbs	-12.5093	7.6294	1.000
xyAbs	-10.5496	6.2035	1.000
xyAbs	-9.9589	5.7260	1.000
xyAbs	-9.3703	5.2276	1.000
xyAbs	-9.0797	4.9546	1.000
xyAbs	-8.7969	4.6765	1.000
xyAbs	-8.5993	4.4623	1.000
xyAbs	-8.4079	4.2452	1.000
xyAbs	-8.2647	4.0659	1.000
xyAbs	-8.1266	3.8847	1.000
xyAbs	-8.0185	3.7276	1.000
xyAbs	-7.9145	3.5690	1.000
xyAbs	-7.8297	3.4248	1.000
xyAbs	-7.7487	3.2794	1.000
xyAbs	-7.6842	3.1493	1.000
xyAbs	-7.6230	3.0183	1.000
xyAbs	-7.5734	2.8974	1.000
xyAbs	-7.5266	2.7757	1.000
xyAbs	-7.4880	2.6585	1.000
xyAbs	-7.4521	2.5406	1.000
xyAbs	-7.4235	2.4274	1.000
xyAbs	-7.3976	2.3136	1.000
xyAbs	-7.3783	2.2048	1.000
xyAbs	-7.3613	2.0953	1.000
xyAbs	-7.3467	1.9511	1.000
xyAbs	-7.3408	1.8756	1.000
xyAbs	-7.3372	1.7671	1.000
xyAbs	-7.3360	1.6581	1.000
xyAbs	-7.3401	1.5483	1.000
xyAbs	-7.3466	1.4383	1.000
xyAbs	-7.3585	1.3279	1.000
xyAbs	-7.3729	1.2173	1.000
xyAbs	-7.3927	1.1066	1.000
xyAbs	-7.4152	0.9960	1.000
xyAbs	-7.4427	0.8873	1.000
xyAbs	-7.4729	0.7788	1.000
xyAbs	-7.5074	0.6740	1.000
xyAbs	-7.5489	0.5573	1.000
xyAbs	-7.6037	0.4241	1.000
xyAbs	-7.6618	0.2919	1.000
xyAbs	-7.7489	0.1167	1.000
xyAbs	-7.8395	-0.0555	1.000
xyAbs	-8.0484	-0.4055	1.000
xyAbs	-8.2524	-0.7298	1.000
xyAbs	-8.2881	-0.7852	1.000
xyAbs	-8.3028	-0.8094	1.000
xyAbs	-8.3082	-0.8195	1.000
xyAbs	-8.3134	-0.8300	1.000
xyAbs	-8.3177	-0.8398	1.000
xyAbs	-8.3219	-0.8501	1.000
xyAbs	-8.3256	-0.8607	1.000
xyAbs	-8.3293	-0.8717	1.000
xyAbs	-8.3327	-0.8842	1.000
xyAbs	-8.3360	-0.8973	1.000
xyAbs	-8.3393	-0.9134	1.000
xyAbs	-8.3421	-0.9293	1.000
xyAbs	-8.3454	-0.9536	1.000
xyAbs	-8.3475	-0.9696	1.000
xyAbs	-8.3475	-0.9696	1.000
xyAbs	-8.3475	-0.9697	1.000
xyAbs	-8.3475	-0.9697	1.000
xyAbs	-8.3475	-0.9697	1.000
xyAbs	-8.3475	-0.9697	1.000
xyAbs	-8.3475	-0.9697	1.000
xyAbs	-8.3475	-0.9697	1.000
xyAbs	-8.3475	-0.9697	1.000
xyAbs	-8.3475	-0.9697	1.000
xyAbs	-8.3475	-0.9697	1.000
xyAbs	-8.3475	-0.9697	1.000
xyAbs	-8.3475	-0.9697	1.000
xyAbs	-8.3475	-0.9697	1.000
xyAbs	-8.3475	-0.9697	1.000
xyAbs	-8.3475	-0.9697	1.000
xyAbs	-8.3475	-0.9697	1.000
xyAbs	-8.3475	-0.9697	1.000
xyAbs	-8.3475	-0.9697	1.000
xyAbs	-8.3475	-0.9697	1.000
xyAbs	-8.3475	-0.9697	1.000
xyAbs	-8.3475	-0.9697	1.000
xyAbs	-8.3475	-0.9696	1.000
xyAbs	-8.3475	-0.9696	1.000
xyAbs	-8.3475	-0.9694	1.000
xyAbs	-8.3475	-0.9692	1.000
xyAbs	-8.3462	-0.9443	1.000
xyAbs	-8.3451	-0.8825	1.000
xyAbs	-8.3460	-0.8672	1.000
xyAbs	-8.3473	-0.8526	1.000
xyAbs	-8.3492	-0.8389	1.000
xyAbs	-8.3513	-0.8256	1.000
xyAbs	-8.3545	-0.8104	1.000
xyAbs	-8.3579	-0.7957	1.000
xyAbs	-8.3938	-0.6709	1.000
xyAbs	-8.4389	-0.5188	1.000
xyAbs	-8.4489	-0.4906	1.000
xyAbs	-8.4722	-0.4291	1.000
xyAbs	-8.4916	-0.3851	1.000
xyAbs	-8.5120	-0.3417	1.000
xyAbs	-8.5358	-0.2965	1.000
xyAbs	-8.5607	-0.2519	1.000
xyAbs	-8.5894	-0.2058	1.000
xyAbs	-8.6192	-0.1605	1.000
xyAbs	-8.6531	-0.1139	1.000
xyAbs	-8.6881	-0.0680	1.000
xyAbs	-8.7298	-0.0185	1.000
xyAbs	-8.7727	0.0300	1.000
xyAbs	-8.8241	0.0829	1.000
xyAbs	-8.8768	0.1347	1.000
xyAbs	-8.9426	0.1936	1.000
xyAbs	-9.0100	0.2510	1.000
xyAbs	-9.1014	0.3217	1.000
xyAbs	-9.1945	0.3903	1.000
xyAbs	-9.3251	0.4775	1.000
xyAbs	-9.4865	0.5800	1.000
xyAbs	-9.6680	0.6837	1.000
xyAbs	-9.8512	0.7828	1.000
xyAbs	-10.0756	0.8908	1.000
xyAbs	-10.3020	0.9934	1.000
xyAbs	-10.6245	1.1211	1.000
xyAbs	-10.9496	1.2412	1.000
xyAbs	-11.3740	1.3766	1.000
xyAbs	-12.0751	1.5844	1.000
xyAbs	-12.8324	1.7673	1.000
xyAbs	-13.5949	1.9327	1.000
xyAbs	-15.1006	2.1776	1.000
xyAbs	-16.6163	2.3881	1.000
xyAbs	-17.0844	2.4445	1.000
xyAbs	-17.5698	2.5022	1.000
vtip	0.000000
# end	2AE	

# 330	False	20.0	1.0	0.0	0.1	0.0	False	(255, 0, 255)	POLYLINE	
vtip	0.000000
xyAbs	-14.0831	9.1799	4.000
vtip	0.000000
xyAbs	-14.0831	9.1799	1.000
xyAbs	-12.1969	7.7726	1.000
xyAbs	-10.2897	6.2775	1.000
xyAbs	-9.7165	5.7793	1.000
xyAbs	-9.1463	5.2603	1.000
xyAbs	-8.8657	4.9771	1.000
xyAbs	-8.5932	4.6892	1.000
xyAbs	-8.4034	4.4681	1.000
xyAbs	-8.2200	4.2443	1.000
xyAbs	-8.0833	4.0601	1.000
xyAbs	-7.9518	3.8740	1.000
xyAbs	-7.8493	3.7131	1.000
xyAbs	-7.7511	3.5509	1.000
xyAbs	-7.6715	3.4038	1.000
xyAbs	-7.5957	3.2555	1.000
xyAbs	-7.5359	3.1232	1.000
xyAbs	-7.4794	2.9901	1.000
xyAbs	-7.4341	2.8674	1.000
xyAbs	-7.3917	2.7441	1.000
xyAbs	-7.3572	2.6256	1.000
xyAbs	-7.3255	2.5064	1.000
xyAbs	-7.3010	2.3923	1.000
xyAbs	-7.2790	2.2775	1.000
xyAbs	-7.2636	2.1680	1.000
xyAbs	-7.2505	2.0580	1.000
xyAbs	-7.2409	1.9132	1.000
xyAbs	-7.2378	1.8376	1.000
xyAbs	-7.2379	1.7289	1.000
xyAbs	-7.2406	1.6198	1.000
xyAbs	-7.2485	1.5102	1.000
xyAbs	-7.2589	1.4005	1.000
xyAbs	-7.2747	1.2905	1.000
xyAbs	-7.2931	1.1805	1.000
xyAbs	-7.3165	1.0723	1.000
xyAbs	-7.3424	0.9643	1.000
xyAbs	-7.3732	0.8584	1.000
xyAbs	-7.4066	0.7528	1.000
xyAbs	-7.4437	0.6520	1.000
xyAbs	-7.4879	0.5401	1.000
xyAbs	-7.5453	0.4132	1.000
xyAbs	-7.6058	0.2873	1.000
xyAbs	-7.6967	0.1191	1.000
xyAbs	-7.7911	-0.0461	1.000
xyAbs	-8.1520	-0.5942	1.000
xyAbs	-8.3091	-0.8290	1.000
xyAbs	-8.3137	-0.8385	1.000
xyAbs	-8.3181	-0.8484	1.000
xyAbs	-8.3222	-0.8587	1.000
xyAbs	-8.3261	-0.8694	1.000
xyAbs	-8.3298	-0.8812	1.000
xyAbs	-8.3334	-0.8935	1.000
xyAbs	-8.3368	-0.9082	1.000
xyAbs	-8.3401	-0.9235	1.000
xyAbs	-8.3449	-0.9529	1.000
xyAbs	-8.3475	-0.9696	1.000
xyAbs	-8.3475	-0.9696	1.000
xyAbs	-8.3475	-0.9697	1.000
xyAbs	-8.3475	-0.9697	1.000
xyAbs	-8.3475	-0.9697	1.000
xyAbs	-8.3475	-0.9697	1.000
xyAbs	-8.3475	-0.9697	1.000
xyAbs	-8.3475	-0.9697	1.000
xyAbs	-8.3475	-0.9697	1.000
xyAbs	-8.3475	-0.9697	1.000
xyAbs	-8.3475	-0.9697	1.000
xyAbs	-8.3475	-0.9697	1.000
xyAbs	-8.3475	-0.9697	1.000
xyAbs	-8.3475	-0.9697	1.000
xyAbs	-8.3475	-0.9697	1.000
xyAbs	-8.3475	-0.9697	1.000
xyAbs	-8.3475	-0.9697	1.000
xyAbs	-8.3475	-0.9697	1.000
xyAbs	-8.3475	-0.9697	1.000
xyAbs	-8.3475	-0.9697	1.000
xyAbs	-8.3475	-0.9697	1.000
xyAbs	-8.3475	-0.9696	1.000
xyAbs	-8.3475	-0.9696	1.000
xyAbs	-8.3475	-0.9694	1.000
xyAbs	-8.3475	-0.9692	1.000
xyAbs	-8.3456	-0.9432	1.000
xyAbs	-8.3431	-0.8781	1.000
xyAbs	-8.3438	-0.8623	1.000
xyAbs	-8.3449	-0.8473	1.000
xyAbs	-8.3466	-0.8331	1.000
xyAbs	-8.3485	-0.8194	1.000
xyAbs	-8.3518	-0.8026	1.000
xyAbs	-8.3554	-0.7862	1.000
xyAbs	-8.3881	-0.6609	1.000
xyAbs	-8.4294	-0.5109	1.000
xyAbs	-8.4397	-0.4803	1.000
xyAbs	-8.4624	-0.4174	1.000
xyAbs	-8.4824	-0.3699	1.000
xyAbs	-8.5034	-0.3230	1.000
xyAbs	-8.5281	-0.2744	1.000
xyAbs	-8.5538	-0.2264	1.000
xyAbs	-8.5836	-0.1770	1.000
xyAbs	-8.6144	-0.1284	1.000
xyAbs	-8.6505	-0.0770	1.000
xyAbs	-8.6878	-0.0266	1.000
xyAbs	-8.7320	0.0275	1.000
xyAbs	-8.7774	0.0806	1.000
xyAbs	-8.8339	0.1406	1.000
xyAbs	-8.8918	0.1993	1.000
xyAbs	-8.9670	0.2685	1.000
xyAbs	-9.0439	0.3360	1.000
xyAbs	-9.1560	0.4252	1.000
xyAbs	-9.2701	0.5117	1.000
xyAbs	-9.4329	0.6241	1.000
xyAbs	-9.6061	0.7378	1.000
xyAbs	-9.8042	0.8548	1.000
xyAbs	-10.0046	0.9670	1.000
xyAbs	-10.2612	1.0949	1.000
xyAbs	-10.5204	1.2167	1.000
xyAbs	-10.8451	1.3519	1.000
xyAbs	-11.3165	1.5340	1.000
xyAbs	-11.8699	1.7187	1.000
xyAbs	-12.4275	1.8906	1.000
xyAbs	-13.1660	2.0798	1.000
xyAbs	-13.9101	2.2522	1.000
xyAbs	-15.6594	2.5585	1.000
xyAbs	-17.4378	2.8299	1.000
vtip	0.000000
# end	330	

# 3AB	False	20.0	1.0	0.0	0.1	0.0	False	(255, 0, 255)	POLYLINE	
vtip	0.000000
xyAbs	-13.7143	9.3785	4.000
vtip	0.000000
xyAbs	-13.7143	9.3785	1.000
xyAbs	-11.8796	7.9045	1.000
xyAbs	-10.0272	6.3422	1.000
xyAbs	-9.4724	5.8239	1.000
xyAbs	-8.9213	5.2850	1.000
xyAbs	-8.6511	4.9921	1.000
xyAbs	-8.3891	4.6947	1.000
xyAbs	-8.2074	4.4670	1.000
xyAbs	-8.0322	4.2368	1.000
xyAbs	-7.9022	4.0478	1.000
xyAbs	-7.7774	3.8571	1.000
xyAbs	-7.6808	3.6927	1.000
xyAbs	-7.5884	3.5271	1.000
xyAbs	-7.5141	3.3771	1.000
xyAbs	-7.4437	3.2263	1.000
xyAbs	-7.3887	3.0919	1.000
xyAbs	-7.3369	2.9567	1.000
xyAbs	-7.2960	2.8326	1.000
xyAbs	-7.2580	2.7078	1.000
xyAbs	-7.2278	2.5880	1.000
xyAbs	-7.2002	2.4678	1.000
xyAbs	-7.1798	2.3527	1.000
xyAbs	-7.1619	2.2372	1.000
xyAbs	-7.1503	2.1272	1.000
xyAbs	-7.1411	2.0167	1.000
xyAbs	-7.1366	1.8715	1.000
xyAbs	-7.1361	1.7958	1.000
xyAbs	-7.1401	1.6871	1.000
xyAbs	-7.1466	1.5782	1.000
xyAbs	-7.1584	1.4689	1.000
xyAbs	-7.1727	1.3595	1.000
xyAbs	-7.1920	1.2518	1.000
xyAbs	-7.2138	1.1442	1.000
xyAbs	-7.2410	1.0369	1.000
xyAbs	-7.2707	0.9299	1.000
xyAbs	-7.3052	0.8252	1.000
xyAbs	-7.3423	0.7210	1.000
xyAbs	-7.3821	0.6239	1.000
xyAbs	-7.4290	0.5165	1.000
xyAbs	-7.4898	0.3938	1.000
xyAbs	-7.5537	0.2723	1.000
xyAbs	-7.6483	0.1115	1.000
xyAbs	-7.7461	-0.0465	1.000
xyAbs	-8.1326	-0.5898	1.000
xyAbs	-8.3044	-0.8274	1.000
xyAbs	-8.3092	-0.8366	1.000
xyAbs	-8.3139	-0.8461	1.000
xyAbs	-8.3182	-0.8559	1.000
xyAbs	-8.3224	-0.8662	1.000
xyAbs	-8.3264	-0.8775	1.000
xyAbs	-8.3303	-0.8894	1.000
xyAbs	-8.3341	-0.9031	1.000
xyAbs	-8.3377	-0.9175	1.000
xyAbs	-8.3444	-0.9522	1.000
xyAbs	-8.3475	-0.9696	1.000
xyAbs	-8.3475	-0.9696	1.000
xyAbs	-8.3475	-0.9697	1.000
xyAbs	-8.3475	-0.9697	1.000
xyAbs	-8.3475	-0.9697	1.000
xyAbs	-8.3475	-0.9697	1.000
xyAbs	-8.3475	-0.9697	1.000
xyAbs	-8.3475	-0.9697	1.000
xyAbs	-8.3475	-0.9697	1.000
xyAbs	-8.3475	-0.9697	1.000
xyAbs	-8.3475	-0.9697	1.000
xyAbs	-8.3475	-0.9697	1.000
xyAbs	-8.3475	-0.9697	1.000
xyAbs	-8.3475	-0.9697	1.000
xyAbs	-8.3475	-0.9697	1.000
xyAbs	-8.3475	-0.9697	1.000
xyAbs	-8.3475	-0.9697	1.000
xyAbs	-8.3475	-0.9697	1.000
xyAbs	-8.3475	-0.9697	1.000
xyAbs	-8.3475	-0.9697	1.000
xyAbs	-8.3475	-0.9697	1.000
xyAbs	-8.3475	-0.9696	1.000
xyAbs	-8.3475	-0.9696	1.000
xyAbs	-8.3475	-0.9694	1.000
xyAbs	-8.3475	-0.9692	1.000
xyAbs	-8.3450	-0.9421	1.000
xyAbs	-8.3409	-0.8739	1.000
xyAbs	-8.3414	-0.8579	1.000
xyAbs	-8.3422	-0.8426	1.000
xyAbs	-8.3436	-0.8278	1.000
xyAbs	-8.3454	-0.8135	1.000
xyAbs	-8.3488	-0.7943	1.000
xyAbs	-8.3525	-0.7757	1.000
xyAbs	-8.3818	-0.6513	1.000
xyAbs	-8.4187	-0.5060	1.000
xyAbs	-8.4297	-0.4714	1.000
xyAbs	-8.4520	-0.4059	1.000
xyAbs	-8.4725	-0.3549	1.000
xyAbs	-8.4940	-0.3045	1.000
xyAbs	-8.5193	-0.2524	1.000
xyAbs	-8.5458	-0.2010	1.000
xyAbs	-8.5763	-0.1482	1.000
xyAbs	-8.6080	-0.0961	1.000
xyAbs	-8.6460	-0.0399	1.000
xyAbs	-8.6853	0.0154	1.000
xyAbs	-8.7327	0.0756	1.000
xyAbs	-8.7815	0.1348	1.000
xyAbs	-8.8426	0.2020	1.000
xyAbs	-8.9053	0.2679	1.000
xyAbs	-8.9903	0.3491	1.000
xyAbs	-9.0774	0.4284	1.000
xyAbs	-9.2009	0.5308	1.000
xyAbs	-9.3543	0.6521	1.000
xyAbs	-9.5301	0.7784	1.000
xyAbs	-9.7083	0.9002	1.000
xyAbs	-9.9230	1.0326	1.000
xyAbs	-10.1404	1.1599	1.000
xyAbs	-10.4242	1.3082	1.000
xyAbs	-10.7111	1.4499	1.000
xyAbs	-11.0113	1.5821	1.000
xyAbs	-11.5489	1.8044	1.000
xyAbs	-12.0741	1.9912	1.000
xyAbs	-12.6038	2.1660	1.000
xyAbs	-13.3222	2.3650	1.000
xyAbs	-14.0465	2.5476	1.000
xyAbs	-15.6561	2.8648	1.000
xyAbs	-17.2942	3.1527	1.000
vtip	0.000000
# end	3AB	

# 426	False	20.0	1.0	0.0	0.1	0.0	False	(255, 0, 255)	POLYLINE	
vtip	0.000000
xyAbs	-13.3386	9.5638	4.000
vtip	0.000000
xyAbs	-13.3386	9.5638	1.000
xyAbs	-11.5577	8.0250	1.000
xyAbs	-9.7625	6.3974	1.000
xyAbs	-9.2268	5.8598	1.000
xyAbs	-8.6955	5.3017	1.000
xyAbs	-8.4360	4.9993	1.000
xyAbs	-8.1850	4.6928	1.000
xyAbs	-8.0115	4.4588	1.000
xyAbs	-7.8447	4.2225	1.000
xyAbs	-7.7216	4.0290	1.000
xyAbs	-7.6038	3.8340	1.000
xyAbs	-7.5131	3.6662	1.000
xyAbs	-7.4267	3.4974	1.000
xyAbs	-7.3578	3.3449	1.000
xyAbs	-7.2928	3.1916	1.000
xyAbs	-7.2426	3.0553	1.000
xyAbs	-7.1957	2.9184	1.000
xyAbs	-7.1592	2.7928	1.000
xyAbs	-7.1257	2.6667	1.000
xyAbs	-7.0997	2.5459	1.000
xyAbs	-7.0764	2.4246	1.000
xyAbs	-7.0601	2.3089	1.000
xyAbs	-7.0463	2.1928	1.000
xyAbs	-7.0386	2.0823	1.000
xyAbs	-7.0333	1.9715	1.000
xyAbs	-7.0339	1.8262	1.000
xyAbs	-7.0360	1.7504	1.000
xyAbs	-7.0439	1.6419	1.000
xyAbs	-7.0542	1.5332	1.000
xyAbs	-7.0698	1.4243	1.000
xyAbs	-7.0879	1.3154	1.000
xyAbs	-7.1111	1.2085	1.000
xyAbs	-7.1367	1.1017	1.000
xyAbs	-7.1672	0.9971	1.000
xyAbs	-7.2001	0.8929	1.000
xyAbs	-7.2377	0.7912	1.000
xyAbs	-7.2777	0.6901	1.000
xyAbs	-7.3205	0.5952	1.000
xyAbs	-7.3707	0.4906	1.000
xyAbs	-7.4347	0.3723	1.000
xyAbs	-7.5017	0.2553	1.000
xyAbs	-7.5995	0.1017	1.000
xyAbs	-7.7005	-0.0490	1.000
xyAbs	-8.1130	-0.5866	1.000
xyAbs	-8.2997	-0.8263	1.000
xyAbs	-8.3048	-0.8352	1.000
xyAbs	-8.3097	-0.8443	1.000
xyAbs	-8.3143	-0.8538	1.000
xyAbs	-8.3187	-0.8636	1.000
xyAbs	-8.3229	-0.8743	1.000
xyAbs	-8.3270	-0.8853	1.000
xyAbs	-8.3311	-0.8982	1.000
xyAbs	-8.3350	-0.9117	1.000
xyAbs	-8.3415	-0.9400	1.000
xyAbs	-8.3448	-0.9559	1.000
xyAbs	-8.3464	-0.9642	1.000
xyAbs	-8.3474	-0.9695	1.000
xyAbs	-8.3475	-0.9696	1.000
xyAbs	-8.3475	-0.9696	1.000
xyAbs	-8.3475	-0.9697	1.000
xyAbs	-8.3475	-0.9697	1.000
xyAbs	-8.3475	-0.9697	1.000
xyAbs	-8.3475	-0.9697	1.000
xyAbs	-8.3475	-0.9697	1.000
xyAbs	-8.3475	-0.9697	1.000
xyAbs	-8.3475	-0.9697	1.000
xyAbs	-8.3475	-0.9697	1.000
xyAbs	-8.3475	-0.9697	1.000
xyAbs	-8.3475	-0.9697	1.000
xyAbs	-8.3475	-0.9697	1.000
xyAbs	-8.3475	-0.9697	1.000
xyAbs	-8.3475	-0.9697	1.000
xyAbs	-8.3475	-0.9697	1.000
xyAbs	-8.3475	-0.9697	1.000
xyAbs	-8.3475	-0.9697	1.000
xyAbs	-8.3475	-0.9697	1.000
xyAbs	-8.3475	-0.9697	1.000
xyAbs	-8.3475	-0.9697	1.000
xyAbs	-8.3475	-0.9697	1.000
xyAbs	-8.3475	-0.9696	1.000
xyAbs	-8.3475	-0.9696	1.000
xyAbs	-8.3475	-0.9695	1.000
xyAbs	-8.3475	-0.9693	1.000
xyAbs	-8.3442	-0.9396	1.000
xyAbs	-8.3385	-0.8645	1.000
xyAbs	-8.3388	-0.8487	1.000
xyAbs	-8.3395	-0.8335	1.000
xyAbs	-8.3409	-0.8180	1.000
xyAbs	-8.3426	-0.8031	1.000
xyAbs	-8.3552	-0.7357	1.000
xyAbs	-8.3723	-0.6517	1.000
xyAbs	-8.3907	-0.5712	1.000
xyAbs	-8.4119	-0.4870	1.000
xyAbs	-8.4290	-0.4322	1.000
xyAbs	-8.4472	-0.3781	1.000
xyAbs	-8.4684	-0.3238	1.000
xyAbs	-8.4908	-0.2701	1.000
xyAbs	-8.5171	-0.2148	1.000
xyAbs	-8.5445	-0.1602	1.000
xyAbs	-8.5770	-0.1027	1.000
xyAbs	-8.6108	-0.0460	1.000
xyAbs	-8.6520	0.0162	1.000
xyAbs	-8.6946	0.0775	1.000
xyAbs	-8.7466	0.1449	1.000
xyAbs	-8.8001	0.2112	1.000
xyAbs	-8.8695	0.2893	1.000
xyAbs	-8.9409	0.3659	1.000
xyAbs	-9.0473	0.4696	1.000
xyAbs	-9.1561	0.5709	1.000
xyAbs	-9.3107	0.7023	1.000
xyAbs	-9.4772	0.8375	1.000
xyAbs	-9.6671	0.9773	1.000
xyAbs	-9.8599	1.1124	1.000
xyAbs	-10.0969	1.2624	1.000
xyAbs	-10.3371	1.4067	1.000
xyAbs	-10.6272	1.5636	1.000
xyAbs	-10.9794	1.7428	1.000
xyAbs	-11.3949	1.9308	1.000
xyAbs	-11.8143	2.1090	1.000
xyAbs	-12.3288	2.2992	1.000
xyAbs	-12.8480	2.4776	1.000
xyAbs	-13.5807	2.6904	1.000
xyAbs	-14.3199	2.8865	1.000
xyAbs	-15.7165	3.1881	1.000
xyAbs	-17.1391	3.4701	1.000
vtip	0.000000
# end	426	

# 4A5	False	20.0	1.0	0.0	0.1	0.0	False	(255, 0, 255)	POLYLINE	
vtip	0.000000
xyAbs	-12.9566	9.7355	4.000
vtip	0.000000
xyAbs	-12.9566	9.7355	1.000
xyAbs	-11.2318	8.1338	1.000
xyAbs	-9.4961	6.4431	1.000
xyAbs	-8.9801	5.8869	1.000
xyAbs	-8.4693	5.3103	1.000
xyAbs	-8.2209	4.9989	1.000
xyAbs	-7.9810	4.6837	1.000
xyAbs	-7.8161	4.4437	1.000
xyAbs	-7.6579	4.2016	1.000
xyAbs	-7.5418	4.0038	1.000
xyAbs	-7.4310	3.8048	1.000
xyAbs	-7.3464	3.6339	1.000
xyAbs	-7.2662	3.4621	1.000
xyAbs	-7.2027	3.3072	1.000
xyAbs	-7.1432	3.1516	1.000
xyAbs	-7.0979	3.0136	1.000
xyAbs	-7.0559	2.8750	1.000
xyAbs	-7.0239	2.7481	1.000
xyAbs	-6.9949	2.6209	1.000
xyAbs	-6.9732	2.4992	1.000
xyAbs	-6.9543	2.3771	1.000
xyAbs	-6.9420	2.2608	1.000
xyAbs	-6.9323	2.1442	1.000
xyAbs	-6.9285	2.0335	1.000
xyAbs	-6.9271	1.9225	1.000
xyAbs	-6.9330	1.7752	1.000
xyAbs	-6.9379	1.6982	1.000
xyAbs	-6.9497	1.5899	1.000
xyAbs	-6.9639	1.4815	1.000
xyAbs	-6.9831	1.3749	1.000
xyAbs	-7.0048	1.2684	1.000
xyAbs	-7.0313	1.1639	1.000
xyAbs	-7.0602	1.0597	1.000
xyAbs	-7.0937	0.9580	1.000
xyAbs	-7.1296	0.8566	1.000
xyAbs	-7.1699	0.7580	1.000
xyAbs	-7.2126	0.6599	1.000
xyAbs	-7.2581	0.5675	1.000
xyAbs	-7.3109	0.4664	1.000
xyAbs	-7.3765	0.3544	1.000
xyAbs	-7.4450	0.2436	1.000
xyAbs	-7.5454	0.0973	1.000
xyAbs	-7.6490	-0.0464	1.000
xyAbs	-8.0911	-0.5821	1.000
xyAbs	-8.2953	-0.8258	1.000
xyAbs	-8.3005	-0.8343	1.000
xyAbs	-8.3057	-0.8431	1.000
xyAbs	-8.3104	-0.8522	1.000
xyAbs	-8.3151	-0.8616	1.000
xyAbs	-8.3195	-0.8719	1.000
xyAbs	-8.3239	-0.8825	1.000
xyAbs	-8.3283	-0.8949	1.000
xyAbs	-8.3325	-0.9079	1.000
xyAbs	-8.3388	-0.9312	1.000
xyAbs	-8.3416	-0.9430	1.000
xyAbs	-8.3452	-0.9591	1.000
xyAbs	-8.3474	-0.9695	1.000
xyAbs	-8.3475	-0.9696	1.000
xyAbs	-8.3475	-0.9696	1.000
xyAbs	-8.3475	-0.9697	1.000
xyAbs	-8.3475	-0.9697	1.000
xyAbs	-8.3475	-0.9697	1.000
xyAbs	-8.3475	-0.9697	1.000
xyAbs	-8.3475	-0.9697	1.000
xyAbs	-8.3475	-0.9697	1.000
xyAbs	-8.3475	-0.9697	1.000
xyAbs	-8.3475	-0.9697	1.000
xyAbs	-8.3475	-0.9697	1.000
xyAbs	-8.3475	-0.9697	1.000
xyAbs	-8.3475	-0.9697	1.000
xyAbs	-8.3475	-0.9697	1.000
xyAbs	-8.3475	-0.9697	1.000
xyAbs	-8.3475	-0.9697	1.000
xyAbs	-8.3475	-0.9697	1.000
xyAbs	-8.3475	-0.9697	1.000
xyAbs	-8.3475	-0.9697	1.000
xyAbs	-8.3475	-0.9697	1.000
xyAbs	-8.3475	-0.9697	1.000
xyAbs	-8.3475	-0.9696	1.000
xyAbs	-8.3475	-0.9696	1.000
xyAbs	-8.3475	-0.9695	1.000
xyAbs	-8.3475	-0.9693	1.000
xyAbs	-8.3433	-0.9382	1.000
xyAbs	-8.3358	-0.8602	1.000
xyAbs	-8.3358	-0.8440	1.000
xyAbs	-8.3362	-0.8284	1.000
xyAbs	-8.3374	-0.8121	1.000
xyAbs	-8.3389	-0.7964	1.000
xyAbs	-8.3500	-0.7277	1.000
xyAbs	-8.3653	-0.6420	1.000
xyAbs	-8.3812	-0.5659	1.000
xyAbs	-8.4004	-0.4836	1.000
xyAbs	-8.4173	-0.4251	1.000
xyAbs	-8.4355	-0.3672	1.000
xyAbs	-8.4568	-0.3093	1.000
xyAbs	-8.4793	-0.2520	1.000
xyAbs	-8.5066	-0.1915	1.000
xyAbs	-8.5351	-0.1317	1.000
xyAbs	-8.5688	-0.0691	1.000
xyAbs	-8.6039	-0.0073	1.000
xyAbs	-8.6465	0.0600	1.000
xyAbs	-8.6905	0.1263	1.000
xyAbs	-8.7460	0.2016	1.000
xyAbs	-8.8031	0.2757	1.000
xyAbs	-8.8807	0.3669	1.000
xyAbs	-8.9605	0.4564	1.000
xyAbs	-9.0753	0.5736	1.000
xyAbs	-9.2183	0.7129	1.000
xyAbs	-9.3841	0.8602	1.000
xyAbs	-9.5531	1.0034	1.000
xyAbs	-9.7540	1.1580	1.000
xyAbs	-9.9583	1.3078	1.000
xyAbs	-10.2097	1.4744	1.000
xyAbs	-10.4648	1.6349	1.000
xyAbs	-10.7091	1.7744	1.000
xyAbs	-11.1298	2.0010	1.000
xyAbs	-11.5331	2.1930	1.000
xyAbs	-11.9406	2.3755	1.000
xyAbs	-12.4432	2.5721	1.000
xyAbs	-12.9508	2.7572	1.000
xyAbs	-13.6714	2.9810	1.000
xyAbs	-14.3991	3.1888	1.000
xyAbs	-15.6734	3.4928	1.000
xyAbs	-16.9727	3.7818	1.000
vtip	0.000000
# end	4A5	

# 523	False	20.0	1.0	0.0	0.1	0.0	False	(255, 0, 255)	POLYLINE	
vtip	0.000000
xyAbs	-12.5687	9.8934	4.000
vtip	0.000000
xyAbs	-12.5687	9.8934	1.000
xyAbs	-10.9022	8.2309	1.000
xyAbs	-9.2282	6.4793	1.000
xyAbs	-8.7326	5.9051	1.000
xyAbs	-8.2429	5.3108	1.000
xyAbs	-8.0059	4.9908	1.000
xyAbs	-7.7775	4.6673	1.000
xyAbs	-7.6214	4.4216	1.000
xyAbs	-7.4719	4.1741	1.000
xyAbs	-7.3630	3.9723	1.000
xyAbs	-7.2595	3.7694	1.000
xyAbs	-7.1810	3.5955	1.000
xyAbs	-7.1070	3.4210	1.000
xyAbs	-7.0491	3.2639	1.000
xyAbs	-6.9952	3.1063	1.000
xyAbs	-6.9548	2.9667	1.000
xyAbs	-6.9178	2.8267	1.000
xyAbs	-6.8891	2.6923	1.000
xyAbs	-6.8637	2.5576	1.000
xyAbs	-6.8468	2.4351	1.000
xyAbs	-6.8327	2.3124	1.000
xyAbs	-6.8250	2.1956	1.000
xyAbs	-6.8199	2.0786	1.000
xyAbs	-6.8204	1.9677	1.000
xyAbs	-6.8235	1.8566	1.000
xyAbs	-6.8349	1.7110	1.000
xyAbs	-6.8431	1.6325	1.000
xyAbs	-6.8591	1.5246	1.000
xyAbs	-6.8777	1.4168	1.000
xyAbs	-6.9011	1.3109	1.000
xyAbs	-6.9270	1.2052	1.000
xyAbs	-6.9576	1.1017	1.000
xyAbs	-6.9907	0.9987	1.000
xyAbs	-7.0283	0.8983	1.000
xyAbs	-7.0683	0.7985	1.000
xyAbs	-7.1119	0.7031	1.000
xyAbs	-7.1578	0.6085	1.000
xyAbs	-7.2065	0.5190	1.000
xyAbs	-7.2631	0.4207	1.000
xyAbs	-7.3333	0.3115	1.000
xyAbs	-7.4062	0.2037	1.000
xyAbs	-7.5125	0.0617	1.000
xyAbs	-7.6217	-0.0774	1.000
xyAbs	-8.0763	-0.5874	1.000
xyAbs	-8.2895	-0.8237	1.000
xyAbs	-8.2951	-0.8320	1.000
xyAbs	-8.3006	-0.8405	1.000
xyAbs	-8.3055	-0.8491	1.000
xyAbs	-8.3104	-0.8581	1.000
xyAbs	-8.3151	-0.8678	1.000
xyAbs	-8.3197	-0.8778	1.000
xyAbs	-8.3243	-0.8893	1.000
xyAbs	-8.3288	-0.9013	1.000
xyAbs	-8.3337	-0.9167	1.000
xyAbs	-8.3378	-0.9307	1.000
xyAbs	-8.3437	-0.9541	1.000
xyAbs	-8.3475	-0.9696	1.000
xyAbs	-8.3475	-0.9696	1.000
xyAbs	-8.3475	-0.9697	1.000
xyAbs	-8.3475	-0.9697	1.000
xyAbs	-8.3475	-0.9697	1.000
xyAbs	-8.3475	-0.9697	1.000
xyAbs	-8.3475	-0.9697	1.000
xyAbs	-8.3475	-0.9697	1.000
xyAbs	-8.3475	-0.9697	1.000
xyAbs	-8.3475	-0.9697	1.000
xyAbs	-8.3475	-0.9697	1.000
xyAbs	-8.3475	-0.9697	1.000
xyAbs	-8.3475	-0.9697	1.000
xyAbs	-8.3475	-0.9697	1.000
xyAbs	-8.3475	-0.9697	1.000
xyAbs	-8.3475	-0.9697	1.000
xyAbs	-8.3475	-0.9697	1.000
xyAbs	-8.3475	-0.9697	1.000
xyAbs	-8.3475	-0.9697	1.000
xyAbs	-8.3475	-0.9697	1.000
xyAbs	-8.3475	-0.9697	1.000
xyAbs	-8.3475	-0.9697	1.000
xyAbs	-8.3475	-0.9696	1.000
xyAbs	-8.3475	-0.9696	1.000
xyAbs	-8.3475	-0.9695	1.000
xyAbs	-8.3475	-0.9694	1.000
xyAbs	-8.3424	-0.9363	1.000
xyAbs	-8.3329	-0.8541	1.000
xyAbs	-8.3326	-0.8376	1.000
xyAbs	-8.3327	-0.8218	1.000
xyAbs	-8.3337	-0.8044	1.000
xyAbs	-8.3351	-0.7875	1.000
xyAbs	-8.3451	-0.7154	1.000
xyAbs	-8.3591	-0.6264	1.000
xyAbs	-8.3725	-0.5566	1.000
xyAbs	-8.3914	-0.4700	1.000
xyAbs	-8.4083	-0.4080	1.000
xyAbs	-8.4266	-0.3466	1.000
xyAbs	-8.4487	-0.2835	1.000
xyAbs	-8.4721	-0.2211	1.000
xyAbs	-8.5004	-0.1555	1.000
xyAbs	-8.5301	-0.0908	1.000
xyAbs	-8.5660	-0.0216	1.000
xyAbs	-8.6033	0.0466	1.000
xyAbs	-8.6501	0.1231	1.000
xyAbs	-8.6987	0.1986	1.000
xyAbs	-8.7609	0.2857	1.000
xyAbs	-8.8251	0.3714	1.000
xyAbs	-8.9188	0.4847	1.000
xyAbs	-9.0152	0.5959	1.000
xyAbs	-9.1510	0.7389	1.000
xyAbs	-9.3094	0.8986	1.000
xyAbs	-9.4840	1.0584	1.000
xyAbs	-9.6623	1.2142	1.000
xyAbs	-9.8731	1.3816	1.000
xyAbs	-10.0877	1.5440	1.000
xyAbs	-10.3520	1.7252	1.000
xyAbs	-10.6202	1.8999	1.000
xyAbs	-10.9009	2.0648	1.000
xyAbs	-11.2814	2.2778	1.000
xyAbs	-11.6734	2.4719	1.000
xyAbs	-12.0698	2.6568	1.000
xyAbs	-12.5689	2.8610	1.000
xyAbs	-13.0735	3.0538	1.000
xyAbs	-13.8236	3.2990	1.000
xyAbs	-14.5817	3.5275	1.000
xyAbs	-15.6771	3.8117	1.000
xyAbs	-16.7953	4.0873	1.000
vtip	0.000000
# end	523	

# 5AF	False	20.0	1.0	0.0	0.1	0.0	False	(255, 0, 255)	POLYLINE	
vtip	0.000000
xyAbs	-16.8871	-9.5208	4.000
vtip	0.000000
xyAbs	-16.8871	-9.5208	1.000
xyAbs	-15.3427	-8.6182	1.000
xyAbs	-13.7595	-7.7420	1.000
xyAbs	-13.0102	-7.3807	1.000
xyAbs	-12.2663	-7.0049	1.000
xyAbs	-10.7274	-6.2558	1.000
xyAbs	-9.4747	-5.6341	1.000
xyAbs	-9.3351	-5.5592	1.000
xyAbs	-9.1984	-5.4819	1.000
xyAbs	-9.0916	-5.4144	1.000
xyAbs	-8.9870	-5.3451	1.000
xyAbs	-8.9020	-5.2827	1.000
xyAbs	-8.8189	-5.2186	1.000
xyAbs	-8.7466	-5.1572	1.000
xyAbs	-8.6761	-5.0943	1.000
xyAbs	-8.6155	-5.0347	1.000
xyAbs	-8.5565	-4.9739	1.000
xyAbs	-8.5037	-4.9137	1.000
xyAbs	-8.4523	-4.8523	1.000
xyAbs	-8.4067	-4.7919	1.000
xyAbs	-8.3625	-4.7303	1.000
xyAbs	-8.3237	-4.6701	1.000
xyAbs	-8.2862	-4.6089	1.000
xyAbs	-8.2429	-4.5292	1.000
xyAbs	-8.2191	-4.4826	1.000
xyAbs	-8.1883	-4.4153	1.000
xyAbs	-8.1590	-4.3470	1.000
xyAbs	-8.1308	-4.2717	1.000
xyAbs	-8.1043	-4.1953	1.000
xyAbs	-8.0799	-4.1130	1.000
xyAbs	-8.0574	-4.0297	1.000
xyAbs	-8.0377	-3.9406	1.000
xyAbs	-8.0200	-3.8506	1.000
xyAbs	-8.0058	-3.7550	1.000
xyAbs	-7.9938	-3.6586	1.000
xyAbs	-7.9868	-3.5712	1.000
xyAbs	-7.9804	-3.4559	1.000
xyAbs	-7.9796	-3.3423	1.000
xyAbs	-7.9814	-3.2285	1.000
xyAbs	-7.9896	-3.0986	1.000
xyAbs	-8.0009	-2.9690	1.000
xyAbs	-8.0203	-2.8246	1.000
xyAbs	-8.0430	-2.6811	1.000
xyAbs	-8.0753	-2.5252	1.000
xyAbs	-8.1109	-2.3713	1.000
xyAbs	-8.1560	-2.2110	1.000
xyAbs	-8.2040	-2.0543	1.000
xyAbs	-8.2577	-1.9044	1.000
xyAbs	-8.3133	-1.7597	1.000
xyAbs	-8.3636	-1.6425	1.000
xyAbs	-8.3786	-1.6053	1.000
xyAbs	-8.3812	-1.5969	1.000
xyAbs	-8.3836	-1.5882	1.000
xyAbs	-8.3855	-1.5802	1.000
xyAbs	-8.3872	-1.5720	1.000
xyAbs	-8.3885	-1.5638	1.000
xyAbs	-8.3896	-1.5554	1.000
xyAbs	-8.3904	-1.5466	1.000
xyAbs	-8.3910	-1.5375	1.000
xyAbs	-8.3911	-1.5276	1.000
xyAbs	-8.3910	-1.5174	1.000
xyAbs	-8.3903	-1.5057	1.000
xyAbs	-8.3894	-1.4936	1.000
xyAbs	-8.3856	-1.4662	1.000
xyAbs	-8.3833	-1.4503	1.000
xyAbs	-8.3833	-1.4503	1.000
xyAbs	-8.3833	-1.4503	1.000
xyAbs	-8.3833	-1.4503	1.000
xyAbs	-8.3833	-1.4503	1.000
xyAbs	-8.3833	-1.4503	1.000
xyAbs	-8.3833	-1.4503	1.000
xyAbs	-8.3833	-1.4503	1.000
xyAbs	-8.3833	-1.4503	1.000
xyAbs	-8.3833	-1.4503	1.000
xyAbs	-8.3833	-1.4503	1.000
xyAbs	-8.3833	-1.4503	1.000
xyAbs	-8.3833	-1.4503	1.000
xyAbs	-8.3833	-1.4503	1.000
xyAbs	-8.3833	-1.4503	1.000
xyAbs	-8.3833	-1.4503	1.000
xyAbs	-8.3833	-1.4503	1.000
xyAbs	-8.3833	-1.4503	1.000
xyAbs	-8.3833	-1.4503	1.000
xyAbs	-8.3833	-1.4503	1.000
xyAbs	-8.3833	-1.4503	1.000
xyAbs	-8.3833	-1.4503	1.000
xyAbs	-8.3833	-1.4503	1.000
xyAbs	-8.3833	-1.4503	1.000
xyAbs	-8.3833	-1.4503	1.000
xyAbs	-8.3833	-1.4503	1.000
xyAbs	-8.3841	-1.4534	1.000
xyAbs	-8.3851	-1.4577	1.000
xyAbs	-8.3909	-1.4828	1.000
xyAbs	-8.4050	-1.5380	1.000
xyAbs	-8.4117	-1.5588	1.000
xyAbs	-8.4185	-1.5783	1.000
xyAbs	-8.4259	-1.5967	1.000
xyAbs	-8.4335	-1.6142	1.000
xyAbs	-8.4623	-1.6713	1.000
xyAbs	-8.5001	-1.7430	1.000
xyAbs	-8.5343	-1.8027	1.000
xyAbs	-8.5704	-1.8627	1.000
xyAbs	-8.5864	-1.8866	1.000
xyAbs	-8.6224	-1.9380	1.000
xyAbs	-8.6504	-1.9738	1.000
xyAbs	-8.6792	-2.0089	1.000
xyAbs	-8.7106	-2.0437	1.000
xyAbs	-8.7427	-2.0777	1.000
xyAbs	-8.7788	-2.1124	1.000
xyAbs	-8.8157	-2.1463	1.000
xyAbs	-8.8556	-2.1795	1.000
xyAbs	-8.8961	-2.2117	1.000
xyAbs	-8.9411	-2.2440	1.000
xyAbs	-8.9868	-2.2752	1.000
xyAbs	-9.0371	-2.3062	1.000
xyAbs	-9.0881	-2.3361	1.000
xyAbs	-9.1453	-2.3660	1.000
xyAbs	-9.2033	-2.3947	1.000
xyAbs	-9.2693	-2.4235	1.000
xyAbs	-9.3360	-2.4509	1.000
xyAbs	-9.4109	-2.4774	1.000
xyAbs	-9.4863	-2.5023	1.000
xyAbs	-9.5731	-2.5264	1.000
xyAbs	-9.6603	-2.5485	1.000
xyAbs	-9.7454	-2.5659	1.000
xyAbs	-9.8562	-2.5858	1.000
xyAbs	-9.9644	-2.5998	1.000
xyAbs	-10.0726	-2.6113	1.000
xyAbs	-10.1958	-2.6184	1.000
xyAbs	-10.3190	-2.6226	1.000
xyAbs	-10.4721	-2.6205	1.000
xyAbs	-10.6252	-2.6148	1.000
xyAbs	-10.8532	-2.5950	1.000
xyAbs	-11.0812	-2.5698	1.000
xyAbs	-11.8246	-2.4627	1.000
xyAbs	-13.0657	-2.3209	1.000
xyAbs	-13.5932	-2.3018	1.000
xyAbs	-14.1209	-2.2949	1.000
xyAbs	-14.8097	-2.3189	1.000
xyAbs	-15.4986	-2.3589	1.000
xyAbs	-16.9933	-2.5275	1.000
xyAbs	-18.4882	-2.7314	1.000
xyAbs	-18.6851	-2.7612	1.000
xyAbs	-18.9000	-2.7938	1.000
vtip	0.000000
# end	5AF	

# 641	False	20.0	1.0	0.0	0.1	0.0	False	(255, 0, 255)	POLYLINE	
vtip	0.000000
xyAbs	-16.6002	-9.8259	4.000
vtip	0.000000
xyAbs	-16.6002	-9.8259	1.000
xyAbs	-14.9429	-8.8173	1.000
xyAbs	-13.2382	-7.8339	1.000
xyAbs	-12.4173	-7.4199	1.000
xyAbs	-11.5729	-7.0183	1.000
xyAbs	-10.4225	-6.3656	1.000
xyAbs	-9.4681	-5.7785	1.000
xyAbs	-9.3076	-5.6886	1.000
xyAbs	-9.1507	-5.5958	1.000
xyAbs	-9.0327	-5.5182	1.000
xyAbs	-8.9175	-5.4384	1.000
xyAbs	-8.8262	-5.3684	1.000
xyAbs	-8.7370	-5.2967	1.000
xyAbs	-8.6626	-5.2307	1.000
xyAbs	-8.5900	-5.1633	1.000
xyAbs	-8.5277	-5.0993	1.000
xyAbs	-8.4669	-5.0341	1.000
xyAbs	-8.4155	-4.9731	1.000
xyAbs	-8.3654	-4.9110	1.000
xyAbs	-8.3211	-4.8501	1.000
xyAbs	-8.2782	-4.7883	1.000
xyAbs	-8.2406	-4.7280	1.000
xyAbs	-8.2042	-4.6668	1.000
xyAbs	-8.1707	-4.6036	1.000
xyAbs	-8.1385	-4.5393	1.000
xyAbs	-8.1096	-4.4736	1.000
xyAbs	-8.0820	-4.4069	1.000
xyAbs	-8.0556	-4.3334	1.000
xyAbs	-8.0308	-4.2588	1.000
xyAbs	-8.0078	-4.1772	1.000
xyAbs	-7.9867	-4.0946	1.000
xyAbs	-7.9682	-4.0048	1.000
xyAbs	-7.9517	-3.9142	1.000
xyAbs	-7.9389	-3.8179	1.000
xyAbs	-7.9282	-3.7209	1.000
xyAbs	-7.9218	-3.6197	1.000
xyAbs	-7.9176	-3.5112	1.000
xyAbs	-7.9186	-3.3979	1.000
xyAbs	-7.9222	-3.2844	1.000
xyAbs	-7.9324	-3.1549	1.000
xyAbs	-7.9457	-3.0256	1.000
xyAbs	-7.9674	-2.8814	1.000
xyAbs	-7.9924	-2.7382	1.000
xyAbs	-8.0273	-2.5822	1.000
xyAbs	-8.0654	-2.4283	1.000
xyAbs	-8.1135	-2.2675	1.000
xyAbs	-8.1645	-2.1103	1.000
xyAbs	-8.2214	-1.9593	1.000
xyAbs	-8.2804	-1.8133	1.000
xyAbs	-8.3543	-1.6516	1.000
xyAbs	-8.3757	-1.6029	1.000
xyAbs	-8.3784	-1.5948	1.000
xyAbs	-8.3809	-1.5864	1.000
xyAbs	-8.3829	-1.5785	1.000
xyAbs	-8.3847	-1.5703	1.000
xyAbs	-8.3861	-1.5622	1.000
xyAbs	-8.3874	-1.5539	1.000
xyAbs	-8.3883	-1.5451	1.000
xyAbs	-8.3890	-1.5361	1.000
xyAbs	-8.3893	-1.5260	1.000
xyAbs	-8.3894	-1.5156	1.000
xyAbs	-8.3889	-1.5037	1.000
xyAbs	-8.3882	-1.4913	1.000
xyAbs	-8.3852	-1.4660	1.000
xyAbs	-8.3833	-1.4503	1.000
xyAbs	-8.3833	-1.4503	1.000
xyAbs	-8.3833	-1.4503	1.000
xyAbs	-8.3833	-1.4503	1.000
xyAbs	-8.3833	-1.4503	1.000
xyAbs	-8.3833	-1.4503	1.000
xyAbs	-8.3833	-1.4503	1.000
xyAbs	-8.3833	-1.4503	1.000
xyAbs	-8.3833	-1.4503	1.000
xyAbs	-8.3833	-1.4503	1.000
xyAbs	-8.3833	-1.4503	1.000
xyAbs	-8.3833	-1.4503	1.000
xyAbs	-8.3833	-1.4503	1.000
xyAbs	-8.3833	-1.4503	1.000
xyAbs	-8.3833	-1.4503	1.000
xyAbs	-8.3833	-1.4503	1.000
xyAbs	-8.3833	-1.4503	1.000
xyAbs	-8.3833	-1.4503	1.000
xyAbs	-8.3833	-1.4503	1.000
xyAbs	-8.3833	-1.4503	1.000
xyAbs	-8.3833	-1.4503	1.000
xyAbs	-8.3833	-1.4503	1.000
xyAbs	-8.3833	-1.4503	1.000
xyAbs	-8.3833	-1.4503	1.000
xyAbs	-8.3833	-1.4503	1.000
xyAbs	-8.3833	-1.4503	1.000
xyAbs	-8.3839	-1.4527	1.000
xyAbs	-8.3846	-1.4559	1.000
xyAbs	-8.3902	-1.4831	1.000
xyAbs	-8.4043	-1.5439	1.000
xyAbs	-8.4106	-1.5651	1.000
xyAbs	-8.4171	-1.5850	1.000
xyAbs	-8.4244	-1.6044	1.000
xyAbs	-8.4320	-1.6229	1.000
xyAbs	-8.4583	-1.6785	1.000
xyAbs	-8.4928	-1.7479	1.000
xyAbs	-8.5250	-1.8070	1.000
xyAbs	-8.5593	-1.8664	1.000
xyAbs	-8.5754	-1.8917	1.000
xyAbs	-8.6120	-1.9463	1.000
xyAbs	-8.6414	-1.9856	1.000
xyAbs	-8.6716	-2.0240	1.000
xyAbs	-8.7046	-2.0621	1.000
xyAbs	-8.7384	-2.0993	1.000
xyAbs	-8.7751	-2.1359	1.000
xyAbs	-8.8125	-2.1717	1.000
xyAbs	-8.8543	-2.2078	1.000
xyAbs	-8.8969	-2.2430	1.000
xyAbs	-8.9440	-2.2782	1.000
xyAbs	-8.9919	-2.3123	1.000
xyAbs	-9.0444	-2.3461	1.000
xyAbs	-9.0977	-2.3786	1.000
xyAbs	-9.1572	-2.4112	1.000
xyAbs	-9.2176	-2.4425	1.000
xyAbs	-9.2859	-2.4739	1.000
xyAbs	-9.3550	-2.5038	1.000
xyAbs	-9.4338	-2.5334	1.000
xyAbs	-9.5132	-2.5613	1.000
xyAbs	-9.6022	-2.5877	1.000
xyAbs	-9.6915	-2.6121	1.000
xyAbs	-9.7858	-2.6331	1.000
xyAbs	-9.8887	-2.6536	1.000
xyAbs	-9.9985	-2.6700	1.000
xyAbs	-10.1084	-2.6839	1.000
xyAbs	-10.2395	-2.6941	1.000
xyAbs	-10.3707	-2.7012	1.000
xyAbs	-10.5381	-2.7022	1.000
xyAbs	-10.7058	-2.6994	1.000
xyAbs	-11.0181	-2.6778	1.000
xyAbs	-11.3308	-2.6490	1.000
xyAbs	-11.8798	-2.5909	1.000
xyAbs	-12.8115	-2.5176	1.000
xyAbs	-13.3607	-2.5094	1.000
xyAbs	-13.9094	-2.5138	1.000
xyAbs	-14.6184	-2.5538	1.000
xyAbs	-15.3267	-2.6102	1.000
xyAbs	-16.7399	-2.7987	1.000
xyAbs	-18.1517	-3.0204	1.000
xyAbs	-18.4999	-3.0811	1.000
xyAbs	-18.8659	-3.1454	1.000
vtip	0.000000
# end	641	

# 6D3	False	20.0	1.0	0.0	0.1	0.0	False	(255, 0, 255)	POLYLINE	
vtip	0.000000
xyAbs	-16.3025	-10.1206	4.000
vtip	0.000000
xyAbs	-16.3025	-10.1206	1.000
xyAbs	-14.4922	-8.9751	1.000
xyAbs	-12.6217	-7.8523	1.000
xyAbs	-11.6495	-7.3081	1.000
xyAbs	-10.9019	-6.8676	1.000
xyAbs	-10.1720	-6.4062	1.000
xyAbs	-9.4962	-5.9536	1.000
xyAbs	-9.3059	-5.8427	1.000
xyAbs	-9.1201	-5.7286	1.000
xyAbs	-8.9906	-5.6402	1.000
xyAbs	-8.8643	-5.5496	1.000
xyAbs	-8.7662	-5.4719	1.000
xyAbs	-8.6705	-5.3926	1.000
xyAbs	-8.5901	-5.3190	1.000
xyAbs	-8.5118	-5.2439	1.000
xyAbs	-8.4473	-5.1756	1.000
xyAbs	-8.3845	-5.1061	1.000
xyAbs	-8.3312	-5.0409	1.000
xyAbs	-8.2795	-4.9746	1.000
xyAbs	-8.2338	-4.9097	1.000
xyAbs	-8.1896	-4.8438	1.000
xyAbs	-8.1510	-4.7794	1.000
xyAbs	-8.1138	-4.7142	1.000
xyAbs	-8.0817	-4.6508	1.000
xyAbs	-8.0510	-4.5866	1.000
xyAbs	-8.0166	-4.5042	1.000
xyAbs	-7.9971	-4.4538	1.000
xyAbs	-7.9727	-4.3818	1.000
xyAbs	-7.9499	-4.3088	1.000
xyAbs	-7.9290	-4.2289	1.000
xyAbs	-7.9099	-4.1482	1.000
xyAbs	-7.8934	-4.0604	1.000
xyAbs	-7.8789	-3.9718	1.000
xyAbs	-7.8676	-3.8749	1.000
xyAbs	-7.8586	-3.7772	1.000
xyAbs	-7.8538	-3.6727	1.000
xyAbs	-7.8515	-3.5678	1.000
xyAbs	-7.8539	-3.4678	1.000
xyAbs	-7.8599	-3.3380	1.000
xyAbs	-7.8722	-3.2089	1.000
xyAbs	-7.8876	-3.0800	1.000
xyAbs	-7.9117	-2.9363	1.000
xyAbs	-7.9390	-2.7933	1.000
xyAbs	-7.9765	-2.6376	1.000
xyAbs	-8.0174	-2.4837	1.000
xyAbs	-8.0675	-2.3251	1.000
xyAbs	-8.1205	-2.1698	1.000
xyAbs	-8.1805	-2.0178	1.000
xyAbs	-8.2426	-1.8705	1.000
xyAbs	-8.3434	-1.6627	1.000
xyAbs	-8.3729	-1.6004	1.000
xyAbs	-8.3757	-1.5923	1.000
xyAbs	-8.3783	-1.5840	1.000
xyAbs	-8.3804	-1.5761	1.000
xyAbs	-8.3824	-1.5680	1.000
xyAbs	-8.3839	-1.5598	1.000
xyAbs	-8.3853	-1.5513	1.000
xyAbs	-8.3864	-1.5423	1.000
xyAbs	-8.3872	-1.5330	1.000
xyAbs	-8.3877	-1.5230	1.000
xyAbs	-8.3879	-1.5126	1.000
xyAbs	-8.3875	-1.4991	1.000
xyAbs	-8.3870	-1.4879	1.000
xyAbs	-8.3848	-1.4654	1.000
xyAbs	-8.3833	-1.4503	1.000
xyAbs	-8.3833	-1.4503	1.000
xyAbs	-8.3833	-1.4503	1.000
xyAbs	-8.3833	-1.4503	1.000
xyAbs	-8.3833	-1.4503	1.000
xyAbs	-8.3833	-1.4503	1.000
xyAbs	-8.3833	-1.4503	1.000
xyAbs	-8.3833	-1.4503	1.000
xyAbs	-8.3833	-1.4503	1.000
xyAbs	-8.3833	-1.4503	1.000
xyAbs	-8.3833	-1.4503	1.000
xyAbs	-8.3833	-1.4503	1.000
xyAbs	-8.3833	-1.4503	1.000
xyAbs	-8.3833	-1.4503	1.000
xyAbs	-8.3833	-1.4503	1.000
xyAbs	-8.3833	-1.4503	1.000
xyAbs	-8.3833	-1.4503	1.000
xyAbs	-8.3833	-1.4503	1.000
xyAbs	-8.3833	-1.4503	1.000
xyAbs	-8.3833	-1.4503	1.000
xyAbs	-8.3833	-1.4503	1.000
xyAbs	-8.3833	-1.4503	1.000
xyAbs	-8.3833	-1.4503	1.000
xyAbs	-8.3833	-1.4503	1.000
xyAbs	-8.3833	-1.4503	1.000
xyAbs	-8.3833	-1.4503	1.000
xyAbs	-8.3833	-1.4503	1.000
xyAbs	-8.3835	-1.4508	1.000
xyAbs	-8.3836	-1.4513	1.000
xyAbs	-8.3900	-1.4854	1.000
xyAbs	-8.4078	-1.5669	1.000
xyAbs	-8.4139	-1.5870	1.000
xyAbs	-8.4202	-1.6059	1.000
xyAbs	-8.4300	-1.6310	1.000
xyAbs	-8.4402	-1.6556	1.000
xyAbs	-8.4723	-1.7244	1.000
xyAbs	-8.5099	-1.8006	1.000
xyAbs	-8.5373	-1.8503	1.000
xyAbs	-8.5674	-1.9022	1.000
xyAbs	-8.5954	-1.9450	1.000
xyAbs	-8.6241	-1.9871	1.000
xyAbs	-8.6558	-2.0288	1.000
xyAbs	-8.6883	-2.0697	1.000
xyAbs	-8.7238	-2.1101	1.000
xyAbs	-8.7601	-2.1495	1.000
xyAbs	-8.7994	-2.1883	1.000
xyAbs	-8.8395	-2.2262	1.000
xyAbs	-8.8840	-2.2644	1.000
xyAbs	-8.9294	-2.3015	1.000
xyAbs	-8.9807	-2.3396	1.000
xyAbs	-9.0330	-2.3765	1.000
xyAbs	-9.0899	-2.4127	1.000
xyAbs	-9.1478	-2.4477	1.000
xyAbs	-9.2135	-2.4833	1.000
xyAbs	-9.2800	-2.5173	1.000
xyAbs	-9.3545	-2.5511	1.000
xyAbs	-9.4298	-2.5831	1.000
xyAbs	-9.5147	-2.6145	1.000
xyAbs	-9.6001	-2.6439	1.000
xyAbs	-9.6825	-2.6680	1.000
xyAbs	-9.7885	-2.6965	1.000
xyAbs	-9.8936	-2.7193	1.000
xyAbs	-9.9989	-2.7395	1.000
xyAbs	-10.1225	-2.7572	1.000
xyAbs	-10.2465	-2.7720	1.000
xyAbs	-10.4008	-2.7828	1.000
xyAbs	-10.5555	-2.7900	1.000
xyAbs	-10.7920	-2.7894	1.000
xyAbs	-11.0291	-2.7833	1.000
xyAbs	-11.8218	-2.7388	1.000
xyAbs	-13.1820	-2.7027	1.000
xyAbs	-13.8320	-2.7344	1.000
xyAbs	-14.4806	-2.7811	1.000
xyAbs	-15.4219	-2.8954	1.000
xyAbs	-16.3610	-3.0316	1.000
xyAbs	-17.5819	-3.2550	1.000
xyAbs	-18.8192	-3.4956	1.000
vtip	0.000000
# end	6D3	

# 762	False	20.0	1.0	0.0	0.1	0.0	False	(255, 0, 255)	POLYLINE	
vtip	0.000000
xyAbs	-15.9945	-10.4044	4.000
vtip	0.000000
xyAbs	-15.9945	-10.4044	1.000
xyAbs	-13.9635	-9.0701	1.000
xyAbs	-11.8512	-7.7531	1.000
xyAbs	-10.2924	-6.7220	1.000
xyAbs	-9.1058	-5.8823	1.000
xyAbs	-8.9569	-5.7769	1.000
xyAbs	-8.8118	-5.6691	1.000
xyAbs	-8.7035	-5.5801	1.000
xyAbs	-8.5980	-5.4893	1.000
xyAbs	-8.5151	-5.4107	1.000
xyAbs	-8.4345	-5.3307	1.000
xyAbs	-8.3677	-5.2578	1.000
xyAbs	-8.3029	-5.1838	1.000
xyAbs	-8.2477	-5.1142	1.000
xyAbs	-8.1942	-5.0437	1.000
xyAbs	-8.1470	-4.9745	1.000
xyAbs	-8.1014	-4.9044	1.000
xyAbs	-8.0639	-4.8397	1.000
xyAbs	-8.0277	-4.7743	1.000
xyAbs	-7.9947	-4.7070	1.000
xyAbs	-7.9632	-4.6388	1.000
xyAbs	-7.9330	-4.5633	1.000
xyAbs	-7.9110	-4.5048	1.000
xyAbs	-7.8883	-4.4344	1.000
xyAbs	-7.8672	-4.3632	1.000
xyAbs	-7.8480	-4.2851	1.000
xyAbs	-7.8306	-4.2063	1.000
xyAbs	-7.8156	-4.1192	1.000
xyAbs	-7.8026	-4.0314	1.000
xyAbs	-7.7930	-3.9352	1.000
xyAbs	-7.7855	-3.8384	1.000
xyAbs	-7.7824	-3.7335	1.000
xyAbs	-7.7817	-3.6280	1.000
xyAbs	-7.7855	-3.5295	1.000
xyAbs	-7.7935	-3.3994	1.000
xyAbs	-7.8078	-3.2710	1.000
xyAbs	-7.8250	-3.1426	1.000
xyAbs	-7.8512	-2.9993	1.000
xyAbs	-7.8806	-2.8568	1.000
xyAbs	-7.9204	-2.7012	1.000
xyAbs	-7.9636	-2.5474	1.000
xyAbs	-8.0172	-2.3862	1.000
xyAbs	-8.0738	-2.2281	1.000
xyAbs	-8.1367	-2.0754	1.000
xyAbs	-8.2019	-1.9271	1.000
xyAbs	-8.2665	-1.7970	1.000
xyAbs	-8.3322	-1.6719	1.000
xyAbs	-8.3513	-1.6373	1.000
xyAbs	-8.3627	-1.6154	1.000
xyAbs	-8.3666	-1.6066	1.000
xyAbs	-8.3703	-1.5976	1.000
xyAbs	-8.3731	-1.5898	1.000
xyAbs	-8.3758	-1.5818	1.000
xyAbs	-8.3780	-1.5740	1.000
xyAbs	-8.3800	-1.5660	1.000
xyAbs	-8.3817	-1.5578	1.000
xyAbs	-8.3833	-1.5494	1.000
xyAbs	-8.3844	-1.5405	1.000
xyAbs	-8.3854	-1.5314	1.000
xyAbs	-8.3861	-1.5211	1.000
xyAbs	-8.3865	-1.5106	1.000
xyAbs	-8.3863	-1.4945	1.000
xyAbs	-8.3859	-1.4852	1.000
xyAbs	-8.3844	-1.4642	1.000
xyAbs	-8.3833	-1.4503	1.000
xyAbs	-8.3833	-1.4503	1.000
xyAbs	-8.3833	-1.4503	1.000
xyAbs	-8.3833	-1.4503	1.000
xyAbs	-8.3833	-1.4503	1.000
xyAbs	-8.3833	-1.4503	1.000
xyAbs	-8.3833	-1.4503	1.000
xyAbs	-8.3833	-1.4503	1.000
xyAbs	-8.3833	-1.4503	1.000
xyAbs	-8.3833	-1.4503	1.000
xyAbs	-8.3833	-1.4503	1.000
xyAbs	-8.3833	-1.4503	1.000
xyAbs	-8.3833	-1.4503	1.000
xyAbs	-8.3833	-1.4503	1.000
xyAbs	-8.3833	-1.4503	1.000
xyAbs	-8.3833	-1.4503	1.000
xyAbs	-8.3833	-1.4503	1.000
xyAbs	-8.3833	-1.4503	1.000
xyAbs	-8.3833	-1.4503	1.000
xyAbs	-8.3833	-1.4503	1.000
xyAbs	-8.3833	-1.4503	1.000
xyAbs	-8.3833	-1.4503	1.000
xyAbs	-8.3833	-1.4503	1.000
xyAbs	-8.3833	-1.4503	1.000
xyAbs	-8.3833	-1.4503	1.000
xyAbs	-8.3833	-1.4503	1.000
xyAbs	-8.3833	-1.4503	1.000
xyAbs	-8.3834	-1.4508	1.000
xyAbs	-8.3835	-1.4512	1.000
xyAbs	-8.3897	-1.4882	1.000
xyAbs	-8.4067	-1.5751	1.000
xyAbs	-8.4125	-1.5955	1.000
xyAbs	-8.4185	-1.6150	1.000
xyAbs	-8.4293	-1.6440	1.000
xyAbs	-8.4418	-1.6755	1.000
xyAbs	-8.4702	-1.7395	1.000
xyAbs	-8.5016	-1.8060	1.000
xyAbs	-8.5277	-1.8556	1.000
xyAbs	-8.5594	-1.9124	1.000
xyAbs	-8.5875	-1.9572	1.000
xyAbs	-8.6164	-2.0012	1.000
xyAbs	-8.6482	-2.0449	1.000
xyAbs	-8.6809	-2.0878	1.000
xyAbs	-8.7178	-2.1316	1.000
xyAbs	-8.7556	-2.1744	1.000
xyAbs	-8.7964	-2.2164	1.000
xyAbs	-8.8382	-2.2575	1.000
xyAbs	-8.8845	-2.2988	1.000
xyAbs	-8.9316	-2.3390	1.000
xyAbs	-8.9848	-2.3802	1.000
xyAbs	-9.0390	-2.4201	1.000
xyAbs	-9.0994	-2.4602	1.000
xyAbs	-9.1607	-2.4989	1.000
xyAbs	-9.2284	-2.5373	1.000
xyAbs	-9.2969	-2.5741	1.000
xyAbs	-9.3735	-2.6105	1.000
xyAbs	-9.4507	-2.6452	1.000
xyAbs	-9.5359	-2.6787	1.000
xyAbs	-9.6261	-2.7117	1.000
xyAbs	-9.7228	-2.7418	1.000
xyAbs	-9.8200	-2.7697	1.000
xyAbs	-9.9295	-2.7955	1.000
xyAbs	-10.0395	-2.8187	1.000
xyAbs	-10.1709	-2.8398	1.000
xyAbs	-10.3029	-2.8579	1.000
xyAbs	-10.4744	-2.8730	1.000
xyAbs	-10.6467	-2.8842	1.000
xyAbs	-11.0066	-2.8883	1.000
xyAbs	-11.3681	-2.8840	1.000
xyAbs	-11.9138	-2.8749	1.000
xyAbs	-12.8577	-2.8832	1.000
xyAbs	-13.5291	-2.9290	1.000
xyAbs	-14.1981	-2.9902	1.000
xyAbs	-15.1491	-3.1244	1.000
xyAbs	-16.0968	-3.2807	1.000
xyAbs	-17.4208	-3.5522	1.000
xyAbs	-18.7601	-3.8439	1.000
vtip	0.000000
# end	762	

# 7F1	False	20.0	1.0	0.0	0.1	0.0	False	(255, 0, 255)	POLYLINE	
vtip	0.000000
xyAbs	-15.6765	-10.6770	4.000
vtip	0.000000
xyAbs	-15.6765	-10.6770	1.000
xyAbs	-13.2937	-9.0540	1.000
xyAbs	-10.8817	-7.4292	1.000
xyAbs	-9.9109	-6.6842	1.000
xyAbs	-9.1147	-6.0651	1.000
xyAbs	-8.9422	-5.9386	1.000
xyAbs	-8.7742	-5.8096	1.000
xyAbs	-8.6518	-5.7057	1.000
xyAbs	-8.5328	-5.5999	1.000
xyAbs	-8.4408	-5.5095	1.000
xyAbs	-8.3514	-5.4176	1.000
xyAbs	-8.2798	-5.3363	1.000
xyAbs	-8.2104	-5.2537	1.000
xyAbs	-8.1537	-5.1793	1.000
xyAbs	-8.0990	-5.1039	1.000
xyAbs	-8.0531	-5.0338	1.000
xyAbs	-8.0088	-4.9628	1.000
xyAbs	-7.9703	-4.8938	1.000
xyAbs	-7.9333	-4.8240	1.000
xyAbs	-7.9016	-4.7564	1.000
xyAbs	-7.8714	-4.6881	1.000
xyAbs	-7.8445	-4.6180	1.000
xyAbs	-7.8192	-4.5472	1.000
xyAbs	-7.7935	-4.4619	1.000
xyAbs	-7.7784	-4.4065	1.000
xyAbs	-7.7612	-4.3301	1.000
xyAbs	-7.7456	-4.2530	1.000
xyAbs	-7.7326	-4.1679	1.000
xyAbs	-7.7215	-4.0820	1.000
xyAbs	-7.7137	-3.9866	1.000
xyAbs	-7.7082	-3.8906	1.000
xyAbs	-7.7070	-3.7852	1.000
xyAbs	-7.7083	-3.6792	1.000
xyAbs	-7.7148	-3.5691	1.000
xyAbs	-7.7248	-3.4475	1.000
xyAbs	-7.7418	-3.3172	1.000
xyAbs	-7.7619	-3.1869	1.000
xyAbs	-7.7913	-3.0418	1.000
xyAbs	-7.8242	-2.8974	1.000
xyAbs	-7.8678	-2.7400	1.000
xyAbs	-7.9149	-2.5844	1.000
xyAbs	-7.9719	-2.4238	1.000
xyAbs	-8.0319	-2.2662	1.000
xyAbs	-8.0982	-2.1138	1.000
xyAbs	-8.1667	-1.9656	1.000
xyAbs	-8.2356	-1.8333	1.000
xyAbs	-8.3057	-1.7060	1.000
xyAbs	-8.3448	-1.6398	1.000
xyAbs	-8.3597	-1.6130	1.000
xyAbs	-8.3636	-1.6046	1.000
xyAbs	-8.3674	-1.5959	1.000
xyAbs	-8.3703	-1.5882	1.000
xyAbs	-8.3731	-1.5803	1.000
xyAbs	-8.3754	-1.5726	1.000
xyAbs	-8.3776	-1.5648	1.000
xyAbs	-8.3794	-1.5567	1.000
xyAbs	-8.3811	-1.5485	1.000
xyAbs	-8.3825	-1.5394	1.000
xyAbs	-8.3837	-1.5302	1.000
xyAbs	-8.3845	-1.5198	1.000
xyAbs	-8.3851	-1.5090	1.000
xyAbs	-8.3852	-1.4919	1.000
xyAbs	-8.3850	-1.4831	1.000
xyAbs	-8.3840	-1.4634	1.000
xyAbs	-8.3833	-1.4503	1.000
xyAbs	-8.3833	-1.4503	1.000
xyAbs	-8.3833	-1.4503	1.000
xyAbs	-8.3833	-1.4503	1.000
xyAbs	-8.3833	-1.4503	1.000
xyAbs	-8.3833	-1.4503	1.000
xyAbs	-8.3833	-1.4503	1.000
xyAbs	-8.3833	-1.4503	1.000
xyAbs	-8.3833	-1.4503	1.000
xyAbs	-8.3833	-1.4503	1.000
xyAbs	-8.3833	-1.4503	1.000
xyAbs	-8.3833	-1.4503	1.000
xyAbs	-8.3833	-1.4503	1.000
xyAbs	-8.3833	-1.4503	1.000
xyAbs	-8.3833	-1.4503	1.000
xyAbs	-8.3833	-1.4503	1.000
xyAbs	-8.3833	-1.4503	1.000
xyAbs	-8.3833	-1.4503	1.000
xyAbs	-8.3833	-1.4503	1.000
xyAbs	-8.3833	-1.4503	1.000
xyAbs	-8.3833	-1.4503	1.000
xyAbs	-8.3833	-1.4503	1.000
xyAbs	-8.3833	-1.4503	1.000
xyAbs	-8.3833	-1.4503	1.000
xyAbs	-8.3833	-1.4503	1.000
xyAbs	-8.3833	-1.4503	1.000
xyAbs	-8.3833	-1.4503	1.000
xyAbs	-8.3834	-1.4508	1.000
xyAbs	-8.3835	-1.4512	1.000
xyAbs	-8.3892	-1.4910	1.000
xyAbs	-8.4050	-1.5825	1.000
xyAbs	-8.4105	-1.6035	1.000
xyAbs	-8.4162	-1.6235	1.000
xyAbs	-8.4266	-1.6535	1.000
xyAbs	-8.4397	-1.6886	1.000
xyAbs	-8.4645	-1.7475	1.000
xyAbs	-8.4918	-1.8085	1.000
xyAbs	-8.5171	-1.8590	1.000
xyAbs	-8.5492	-1.9191	1.000
xyAbs	-8.5781	-1.9675	1.000
xyAbs	-8.6081	-2.0151	1.000
xyAbs	-8.6410	-2.0623	1.000
xyAbs	-8.6749	-2.1087	1.000
xyAbs	-8.7131	-2.1558	1.000
xyAbs	-8.7522	-2.2020	1.000
xyAbs	-8.7946	-2.2474	1.000
xyAbs	-8.8379	-2.2917	1.000
xyAbs	-8.8857	-2.3362	1.000
xyAbs	-8.9345	-2.3796	1.000
xyAbs	-8.9894	-2.4238	1.000
xyAbs	-9.0453	-2.4668	1.000
xyAbs	-9.1074	-2.5100	1.000
xyAbs	-9.1705	-2.5517	1.000
xyAbs	-9.2399	-2.5930	1.000
xyAbs	-9.3103	-2.6327	1.000
xyAbs	-9.3886	-2.6720	1.000
xyAbs	-9.4676	-2.7095	1.000
xyAbs	-9.5450	-2.7420	1.000
xyAbs	-9.6447	-2.7810	1.000
xyAbs	-9.7427	-2.8138	1.000
xyAbs	-9.8413	-2.8444	1.000
xyAbs	-9.9553	-2.8738	1.000
xyAbs	-10.0700	-2.9005	1.000
xyAbs	-10.2092	-2.9259	1.000
xyAbs	-10.3492	-2.9482	1.000
xyAbs	-10.5440	-2.9695	1.000
xyAbs	-10.7399	-2.9864	1.000
xyAbs	-11.8984	-3.0345	1.000
xyAbs	-13.9061	-3.1859	1.000
xyAbs	-14.8757	-3.3428	1.000
xyAbs	-15.8406	-3.5220	1.000
xyAbs	-17.2577	-3.8445	1.000
xyAbs	-18.6885	-4.1899	1.000
vtip	0.000000
# end	7F1	

# 87C	False	20.0	1.0	0.0	0.1	0.0	False	(255, 0, 255)	POLYLINE	
vtip	0.000000
xyAbs	-15.3489	-10.9380	4.000
vtip	0.000000
xyAbs	-15.3489	-10.9380	1.000
xyAbs	-11.6766	-8.3618	1.000
xyAbs	-8.7506	-5.9734	1.000
xyAbs	-8.6137	-5.8537	1.000
xyAbs	-8.4809	-5.7320	1.000
xyAbs	-8.3824	-5.6328	1.000
xyAbs	-8.2869	-5.5321	1.000
xyAbs	-8.2096	-5.4422	1.000
xyAbs	-8.1347	-5.3512	1.000
xyAbs	-8.0732	-5.2685	1.000
xyAbs	-8.0139	-5.1847	1.000
xyAbs	-7.9640	-5.1063	1.000
xyAbs	-7.9161	-5.0270	1.000
xyAbs	-7.8765	-4.9534	1.000
xyAbs	-7.8386	-4.8792	1.000
xyAbs	-7.8063	-4.8072	1.000
xyAbs	-7.7756	-4.7345	1.000
xyAbs	-7.7500	-4.6643	1.000
xyAbs	-7.7260	-4.5934	1.000
xyAbs	-7.7016	-4.5067	1.000
xyAbs	-7.6872	-4.4514	1.000
xyAbs	-7.6716	-4.3767	1.000
xyAbs	-7.6577	-4.3014	1.000
xyAbs	-7.6463	-4.2182	1.000
xyAbs	-7.6369	-4.1343	1.000
xyAbs	-7.6309	-4.0411	1.000
xyAbs	-7.6270	-3.9473	1.000
xyAbs	-7.6277	-3.8428	1.000
xyAbs	-7.6307	-3.7378	1.000
xyAbs	-7.6397	-3.6209	1.000
xyAbs	-7.6514	-3.5037	1.000
xyAbs	-7.6683	-3.3891	1.000
xyAbs	-7.6929	-3.2441	1.000
xyAbs	-7.7253	-3.0972	1.000
xyAbs	-7.7612	-2.9510	1.000
xyAbs	-7.8084	-2.7918	1.000
xyAbs	-7.8590	-2.6343	1.000
xyAbs	-7.9199	-2.4717	1.000
xyAbs	-7.9840	-2.3121	1.000
xyAbs	-8.0545	-2.1575	1.000
xyAbs	-8.1273	-2.0072	1.000
xyAbs	-8.2005	-1.8727	1.000
xyAbs	-8.2749	-1.7431	1.000
xyAbs	-8.3368	-1.6442	1.000
xyAbs	-8.3566	-1.6109	1.000
xyAbs	-8.3606	-1.6027	1.000
xyAbs	-8.3644	-1.5944	1.000
xyAbs	-8.3675	-1.5868	1.000
xyAbs	-8.3704	-1.5791	1.000
xyAbs	-8.3729	-1.5713	1.000
xyAbs	-8.3752	-1.5634	1.000
xyAbs	-8.3772	-1.5552	1.000
xyAbs	-8.3791	-1.5469	1.000
xyAbs	-8.3807	-1.5377	1.000
xyAbs	-8.3820	-1.5283	1.000
xyAbs	-8.3831	-1.5177	1.000
xyAbs	-8.3839	-1.5068	1.000
xyAbs	-8.3843	-1.4883	1.000
xyAbs	-8.3842	-1.4793	1.000
xyAbs	-8.3837	-1.4619	1.000
xyAbs	-8.3833	-1.4503	1.000
xyAbs	-8.3833	-1.4503	1.000
xyAbs	-8.3833	-1.4503	1.000
xyAbs	-8.3833	-1.4503	1.000
xyAbs	-8.3833	-1.4503	1.000
xyAbs	-8.3833	-1.4503	1.000
xyAbs	-8.3833	-1.4503	1.000
xyAbs	-8.3833	-1.4503	1.000
xyAbs	-8.3833	-1.4503	1.000
xyAbs	-8.3833	-1.4503	1.000
xyAbs	-8.3833	-1.4503	1.000
xyAbs	-8.3833	-1.4503	1.000
xyAbs	-8.3833	-1.4503	1.000
xyAbs	-8.3833	-1.4503	1.000
xyAbs	-8.3833	-1.4503	1.000
xyAbs	-8.3833	-1.4503	1.000
xyAbs	-8.3833	-1.4503	1.000
xyAbs	-8.3833	-1.4503	1.000
xyAbs	-8.3833	-1.4503	1.000
xyAbs	-8.3833	-1.4503	1.000
xyAbs	-8.3833	-1.4503	1.000
xyAbs	-8.3833	-1.4503	1.000
xyAbs	-8.3833	-1.4503	1.000
xyAbs	-8.3833	-1.4503	1.000
xyAbs	-8.3833	-1.4503	1.000
xyAbs	-8.3833	-1.4503	1.000
xyAbs	-8.3833	-1.4503	1.000
xyAbs	-8.3833	-1.4503	1.000
xyAbs	-8.3836	-1.4521	1.000
xyAbs	-8.3838	-1.4541	1.000
xyAbs	-8.3880	-1.4905	1.000
xyAbs	-8.3989	-1.5700	1.000
xyAbs	-8.4036	-1.5925	1.000
xyAbs	-8.4086	-1.6139	1.000
xyAbs	-8.4153	-1.6373	1.000
xyAbs	-8.4225	-1.6605	1.000
xyAbs	-8.4393	-1.7067	1.000
xyAbs	-8.4593	-1.7582	1.000
xyAbs	-8.4853	-1.8170	1.000
xyAbs	-8.5132	-1.8764	1.000
xyAbs	-8.5306	-1.9097	1.000
xyAbs	-8.5708	-1.9825	1.000
xyAbs	-8.6033	-2.0346	1.000
xyAbs	-8.6368	-2.0858	1.000
xyAbs	-8.6735	-2.1364	1.000
xyAbs	-8.7113	-2.1861	1.000
xyAbs	-8.7535	-2.2363	1.000
xyAbs	-8.7968	-2.2854	1.000
xyAbs	-8.8446	-2.3348	1.000
xyAbs	-8.8936	-2.3830	1.000
xyAbs	-8.9473	-2.4310	1.000
xyAbs	-9.0020	-2.4777	1.000
xyAbs	-9.0629	-2.5248	1.000
xyAbs	-9.1249	-2.5705	1.000
xyAbs	-9.1933	-2.6160	1.000
xyAbs	-9.2626	-2.6598	1.000
xyAbs	-9.3383	-2.7028	1.000
xyAbs	-9.4149	-2.7439	1.000
xyAbs	-9.4889	-2.7794	1.000
xyAbs	-9.5827	-2.8218	1.000
xyAbs	-9.6784	-2.8594	1.000
xyAbs	-9.7748	-2.8948	1.000
xyAbs	-9.8839	-2.9290	1.000
xyAbs	-9.9937	-2.9606	1.000
xyAbs	-10.1281	-2.9924	1.000
xyAbs	-10.2633	-3.0211	1.000
xyAbs	-10.4474	-3.0510	1.000
xyAbs	-10.6327	-3.0767	1.000
xyAbs	-12.0060	-3.2003	1.000
xyAbs	-14.3618	-3.4980	1.000
xyAbs	-15.7589	-3.8035	1.000
xyAbs	-17.1469	-4.1410	1.000
xyAbs	-17.8673	-4.3335	1.000
xyAbs	-18.6046	-4.5330	1.000
vtip	0.000000
# end	87C	

# 904	False	20.0	1.0	0.0	0.1	0.0	False	(255, 0, 255)	POLYLINE	
vtip	0.000000
xyAbs	-15.0122	-11.1872	4.000
vtip	0.000000
xyAbs	-15.0122	-11.1872	1.000
xyAbs	-11.5358	-8.6114	1.000
xyAbs	-8.7397	-6.1628	1.000
xyAbs	-8.5814	-6.0197	1.000
xyAbs	-8.4279	-5.8744	1.000
xyAbs	-8.3170	-5.7587	1.000
xyAbs	-8.2095	-5.6414	1.000
xyAbs	-8.1271	-5.5422	1.000
xyAbs	-8.0475	-5.4419	1.000
xyAbs	-7.9843	-5.3538	1.000
xyAbs	-7.9234	-5.2648	1.000
xyAbs	-7.8721	-5.1814	1.000
xyAbs	-7.8228	-5.0971	1.000
xyAbs	-7.7821	-5.0189	1.000
xyAbs	-7.7433	-4.9400	1.000
xyAbs	-7.7103	-4.8635	1.000
xyAbs	-7.6790	-4.7863	1.000
xyAbs	-7.6532	-4.7117	1.000
xyAbs	-7.6290	-4.6365	1.000
xyAbs	-7.6096	-4.5641	1.000
xyAbs	-7.5919	-4.4911	1.000
xyAbs	-7.5753	-4.4040	1.000
xyAbs	-7.5654	-4.3435	1.000
xyAbs	-7.5559	-4.2634	1.000
xyAbs	-7.5483	-4.1827	1.000
xyAbs	-7.5440	-4.0930	1.000
xyAbs	-7.5417	-4.0027	1.000
xyAbs	-7.5440	-3.9006	1.000
xyAbs	-7.5487	-3.7980	1.000
xyAbs	-7.5594	-3.6823	1.000
xyAbs	-7.5730	-3.5662	1.000
xyAbs	-7.5912	-3.4540	1.000
xyAbs	-7.6195	-3.3032	1.000
xyAbs	-7.6542	-3.1573	1.000
xyAbs	-7.6924	-3.0120	1.000
xyAbs	-7.7420	-2.8536	1.000
xyAbs	-7.7952	-2.6967	1.000
xyAbs	-7.8597	-2.5320	1.000
xyAbs	-7.9275	-2.3702	1.000
xyAbs	-8.0020	-2.2132	1.000
xyAbs	-8.0789	-2.0604	1.000
xyAbs	-8.1562	-1.9232	1.000
xyAbs	-8.2348	-1.7908	1.000
xyAbs	-8.3266	-1.6511	1.000
xyAbs	-8.3543	-1.6074	1.000
xyAbs	-8.3583	-1.5996	1.000
xyAbs	-8.3621	-1.5915	1.000
xyAbs	-8.3652	-1.5841	1.000
xyAbs	-8.3682	-1.5764	1.000
xyAbs	-8.3708	-1.5688	1.000
xyAbs	-8.3732	-1.5610	1.000
xyAbs	-8.3754	-1.5527	1.000
xyAbs	-8.3774	-1.5441	1.000
xyAbs	-8.3791	-1.5348	1.000
xyAbs	-8.3806	-1.5252	1.000
xyAbs	-8.3818	-1.5144	1.000
xyAbs	-8.3828	-1.5032	1.000
xyAbs	-8.3835	-1.4829	1.000
xyAbs	-8.3835	-1.4720	1.000
xyAbs	-8.3833	-1.4590	1.000
xyAbs	-8.3833	-1.4503	1.000
xyAbs	-8.3833	-1.4503	1.000
xyAbs	-8.3833	-1.4503	1.000
xyAbs	-8.3833	-1.4503	1.000
xyAbs	-8.3833	-1.4503	1.000
xyAbs	-8.3833	-1.4503	1.000
xyAbs	-8.3833	-1.4503	1.000
xyAbs	-8.3833	-1.4503	1.000
xyAbs	-8.3833	-1.4503	1.000
xyAbs	-8.3833	-1.4503	1.000
xyAbs	-8.3833	-1.4503	1.000
xyAbs	-8.3833	-1.4503	1.000
xyAbs	-8.3833	-1.4503	1.000
xyAbs	-8.3833	-1.4503	1.000
xyAbs	-8.3833	-1.4503	1.000
xyAbs	-8.3833	-1.4503	1.000
xyAbs	-8.3833	-1.4503	1.000
xyAbs	-8.3833	-1.4503	1.000
xyAbs	-8.3833	-1.4503	1.000
xyAbs	-8.3833	-1.4503	1.000
xyAbs	-8.3833	-1.4503	1.000
xyAbs	-8.3833	-1.4503	1.000
xyAbs	-8.3833	-1.4503	1.000
xyAbs	-8.3833	-1.4503	1.000
xyAbs	-8.3833	-1.4503	1.000
xyAbs	-8.3833	-1.4503	1.000
xyAbs	-8.3833	-1.4503	1.000
xyAbs	-8.3833	-1.4503	1.000
xyAbs	-8.3835	-1.4516	1.000
xyAbs	-8.3837	-1.4530	1.000
xyAbs	-8.3874	-1.4932	1.000
xyAbs	-8.3974	-1.5807	1.000
xyAbs	-8.4017	-1.6030	1.000
xyAbs	-8.4062	-1.6242	1.000
xyAbs	-8.4128	-1.6488	1.000
xyAbs	-8.4205	-1.6749	1.000
xyAbs	-8.4363	-1.7206	1.000
xyAbs	-8.4538	-1.7680	1.000
xyAbs	-8.4788	-1.8270	1.000
xyAbs	-8.5056	-1.8865	1.000
xyAbs	-8.5244	-1.9237	1.000
xyAbs	-8.5659	-2.0018	1.000
xyAbs	-8.5993	-2.0574	1.000
xyAbs	-8.6338	-2.1120	1.000
xyAbs	-8.6727	-2.1675	1.000
xyAbs	-8.7127	-2.2219	1.000
xyAbs	-8.7561	-2.2754	1.000
xyAbs	-8.8007	-2.3277	1.000
xyAbs	-8.8500	-2.3803	1.000
xyAbs	-8.9003	-2.4316	1.000
xyAbs	-8.9554	-2.4827	1.000
xyAbs	-9.0116	-2.5324	1.000
xyAbs	-9.0741	-2.5826	1.000
xyAbs	-9.1376	-2.6313	1.000
xyAbs	-9.2075	-2.6797	1.000
xyAbs	-9.2783	-2.7264	1.000
xyAbs	-9.3556	-2.7722	1.000
xyAbs	-9.4337	-2.8160	1.000
xyAbs	-9.5106	-2.8545	1.000
xyAbs	-9.6046	-2.8991	1.000
xyAbs	-9.7017	-2.9394	1.000
xyAbs	-9.7997	-2.9774	1.000
xyAbs	-9.9160	-3.0162	1.000
xyAbs	-10.0334	-3.0523	1.000
xyAbs	-10.1814	-3.0900	1.000
xyAbs	-10.3306	-3.1244	1.000
xyAbs	-10.5556	-3.1647	1.000
xyAbs	-10.7826	-3.1999	1.000
xyAbs	-11.9374	-3.3437	1.000
xyAbs	-13.9029	-3.6686	1.000
xyAbs	-15.2532	-3.9674	1.000
xyAbs	-16.5860	-4.3137	1.000
xyAbs	-17.5394	-4.5884	1.000
xyAbs	-18.5084	-4.8730	1.000
vtip	0.000000
# end	904	

# 98C	False	20.0	1.0	0.0	0.1	0.0	False	(255, 0, 255)	POLYLINE	
vtip	0.000000
xyAbs	-14.6668	-11.4242	4.000
vtip	0.000000
xyAbs	-14.6668	-11.4242	1.000
xyAbs	-11.4133	-8.8856	1.000
xyAbs	-8.7546	-6.3935	1.000
xyAbs	-8.5642	-6.2155	1.000
xyAbs	-8.3798	-6.0349	1.000
xyAbs	-8.2564	-5.9017	1.000
xyAbs	-8.1370	-5.7668	1.000
xyAbs	-8.0466	-5.6542	1.000
xyAbs	-7.9595	-5.5403	1.000
xyAbs	-7.8921	-5.4428	1.000
xyAbs	-7.8273	-5.3443	1.000
xyAbs	-7.7747	-5.2555	1.000
xyAbs	-7.7244	-5.1659	1.000
xyAbs	-7.6829	-5.0827	1.000
xyAbs	-7.6433	-4.9988	1.000
xyAbs	-7.6114	-4.9215	1.000
xyAbs	-7.5812	-4.8437	1.000
xyAbs	-7.5562	-4.7689	1.000
xyAbs	-7.5329	-4.6934	1.000
xyAbs	-7.5143	-4.6211	1.000
xyAbs	-7.4973	-4.5483	1.000
xyAbs	-7.4814	-4.4600	1.000
xyAbs	-7.4719	-4.3997	1.000
xyAbs	-7.4634	-4.3228	1.000
xyAbs	-7.4568	-4.2455	1.000
xyAbs	-7.4534	-4.1593	1.000
xyAbs	-7.4521	-4.0726	1.000
xyAbs	-7.4551	-3.9756	1.000
xyAbs	-7.4604	-3.8782	1.000
xyAbs	-7.4718	-3.7666	1.000
xyAbs	-7.4859	-3.6546	1.000
xyAbs	-7.5080	-3.5271	1.000
xyAbs	-7.5332	-3.3996	1.000
xyAbs	-7.5690	-3.2548	1.000
xyAbs	-7.6081	-3.1104	1.000
xyAbs	-7.6598	-2.9500	1.000
xyAbs	-7.7152	-2.7910	1.000
xyAbs	-7.7824	-2.6236	1.000
xyAbs	-7.8530	-2.4590	1.000
xyAbs	-7.9320	-2.2965	1.000
xyAbs	-8.0136	-2.1380	1.000
xyAbs	-8.0959	-1.9951	1.000
xyAbs	-8.1797	-1.8570	1.000
xyAbs	-8.3122	-1.6632	1.000
xyAbs	-8.3524	-1.6035	1.000
xyAbs	-8.3563	-1.5959	1.000
xyAbs	-8.3601	-1.5881	1.000
xyAbs	-8.3633	-1.5807	1.000
xyAbs	-8.3664	-1.5732	1.000
xyAbs	-8.3690	-1.5656	1.000
xyAbs	-8.3715	-1.5579	1.000
xyAbs	-8.3737	-1.5497	1.000
xyAbs	-8.3758	-1.5413	1.000
xyAbs	-8.3776	-1.5320	1.000
xyAbs	-8.3793	-1.5225	1.000
xyAbs	-8.3807	-1.5115	1.000
xyAbs	-8.3818	-1.5000	1.000
xyAbs	-8.3828	-1.4770	1.000
xyAbs	-8.3831	-1.4628	1.000
xyAbs	-8.3832	-1.4554	1.000
xyAbs	-8.3833	-1.4503	1.000
xyAbs	-8.3833	-1.4503	1.000
xyAbs	-8.3833	-1.4503	1.000
xyAbs	-8.3833	-1.4503	1.000
xyAbs	-8.3833	-1.4503	1.000
xyAbs	-8.3833	-1.4503	1.000
xyAbs	-8.3833	-1.4503	1.000
xyAbs	-8.3833	-1.4503	1.000
xyAbs	-8.3833	-1.4503	1.000
xyAbs	-8.3833	-1.4503	1.000
xyAbs	-8.3833	-1.4503	1.000
xyAbs	-8.3833	-1.4503	1.000
xyAbs	-8.3833	-1.4503	1.000
xyAbs	-8.3833	-1.4503	1.000
xyAbs	-8.3833	-1.4503	1.000
xyAbs	-8.3833	-1.4503	1.000
xyAbs	-8.3833	-1.4503	1.000
xyAbs	-8.3833	-1.4503	1.000
xyAbs	-8.3833	-1.4503	1.000
xyAbs	-8.3833	-1.4503	1.000
xyAbs	-8.3833	-1.4503	1.000
xyAbs	-8.3833	-1.4503	1.000
xyAbs	-8.3833	-1.4503	1.000
xyAbs	-8.3833	-1.4503	1.000
xyAbs	-8.3833	-1.4503	1.000
xyAbs	-8.3833	-1.4503	1.000
xyAbs	-8.3833	-1.4503	1.000
xyAbs	-8.3833	-1.4503	1.000
xyAbs	-8.3833	-1.4503	1.000
xyAbs	-8.3835	-1.4515	1.000
xyAbs	-8.3836	-1.4527	1.000
xyAbs	-8.3866	-1.4964	1.000
xyAbs	-8.3952	-1.5896	1.000
xyAbs	-8.3989	-1.6114	1.000
xyAbs	-8.4029	-1.6323	1.000
xyAbs	-8.4089	-1.6563	1.000
xyAbs	-8.4163	-1.6838	1.000
xyAbs	-8.4302	-1.7267	1.000
xyAbs	-8.4456	-1.7711	1.000
xyAbs	-8.4695	-1.8308	1.000
xyAbs	-8.4953	-1.8911	1.000
xyAbs	-8.5150	-1.9321	1.000
xyAbs	-8.5567	-2.0146	1.000
xyAbs	-8.5915	-2.0755	1.000
xyAbs	-8.6276	-2.1353	1.000
xyAbs	-8.6672	-2.1944	1.000
xyAbs	-8.7080	-2.2524	1.000
xyAbs	-8.7534	-2.3108	1.000
xyAbs	-8.8001	-2.3680	1.000
xyAbs	-8.8515	-2.4252	1.000
xyAbs	-8.9042	-2.4811	1.000
xyAbs	-8.9618	-2.5367	1.000
xyAbs	-9.0205	-2.5907	1.000
xyAbs	-9.0842	-2.6440	1.000
xyAbs	-9.1491	-2.6957	1.000
xyAbs	-9.2189	-2.7461	1.000
xyAbs	-9.2897	-2.7948	1.000
xyAbs	-9.3618	-2.8397	1.000
xyAbs	-9.4456	-2.8891	1.000
xyAbs	-9.5333	-2.9351	1.000
xyAbs	-9.6219	-2.9791	1.000
xyAbs	-9.7232	-3.0233	1.000
xyAbs	-9.8254	-3.0651	1.000
xyAbs	-9.9492	-3.1089	1.000
xyAbs	-10.0742	-3.1499	1.000
xyAbs	-10.2387	-3.1951	1.000
xyAbs	-10.4049	-3.2366	1.000
xyAbs	-10.7066	-3.2958	1.000
xyAbs	-11.0113	-3.3482	1.000
xyAbs	-11.9420	-3.4994	1.000
xyAbs	-13.5036	-3.8443	1.000
xyAbs	-14.8780	-4.1799	1.000
xyAbs	-16.2279	-4.5267	1.000
xyAbs	-17.3067	-4.8622	1.000
xyAbs	-18.4002	-5.2093	1.000
vtip	0.000000
# end	98C	

# A15	False	20.0	1.0	0.0	0.1	0.0	False	(255, 0, 255)	POLYLINE	
vtip	0.000000
xyAbs	-14.3132	-11.6486	4.000
vtip	0.000000
xyAbs	-14.3132	-11.6486	1.000
xyAbs	-11.3333	-9.2088	1.000
xyAbs	-8.8219	-6.6962	1.000
xyAbs	-8.5815	-6.4645	1.000
xyAbs	-8.3485	-6.2292	1.000
xyAbs	-8.2061	-6.0704	1.000
xyAbs	-8.0685	-5.9097	1.000
xyAbs	-7.9701	-5.7829	1.000
xyAbs	-7.8754	-5.6548	1.000
xyAbs	-7.8011	-5.5435	1.000
xyAbs	-7.7299	-5.4312	1.000
xyAbs	-7.6741	-5.3327	1.000
xyAbs	-7.6208	-5.2336	1.000
xyAbs	-7.5786	-5.1449	1.000
xyAbs	-7.5386	-5.0557	1.000
xyAbs	-7.5064	-4.9734	1.000
xyAbs	-7.4760	-4.8906	1.000
xyAbs	-7.4511	-4.8109	1.000
xyAbs	-7.4281	-4.7306	1.000
xyAbs	-7.4100	-4.6536	1.000
xyAbs	-7.3936	-4.5762	1.000
xyAbs	-7.3817	-4.5021	1.000
xyAbs	-7.3714	-4.4276	1.000
xyAbs	-7.3634	-4.3367	1.000
xyAbs	-7.3595	-4.2731	1.000
xyAbs	-7.3581	-4.1887	1.000
xyAbs	-7.3587	-4.1039	1.000
xyAbs	-7.3638	-4.0091	1.000
xyAbs	-7.3711	-3.9139	1.000
xyAbs	-7.3848	-3.8047	1.000
xyAbs	-7.4010	-3.6952	1.000
xyAbs	-7.4262	-3.5678	1.000
xyAbs	-7.4544	-3.4403	1.000
xyAbs	-7.4893	-3.3113	1.000
xyAbs	-7.5383	-3.1447	1.000
xyAbs	-7.5953	-2.9809	1.000
xyAbs	-7.6561	-2.8185	1.000
xyAbs	-7.7293	-2.6480	1.000
xyAbs	-7.8060	-2.4802	1.000
xyAbs	-7.8900	-2.3170	1.000
xyAbs	-7.9766	-2.1578	1.000
xyAbs	-8.0637	-2.0142	1.000
xyAbs	-8.1523	-1.8754	1.000
xyAbs	-8.3030	-1.6669	1.000
xyAbs	-8.3492	-1.6020	1.000
xyAbs	-8.3532	-1.5946	1.000
xyAbs	-8.3571	-1.5870	1.000
xyAbs	-8.3604	-1.5798	1.000
xyAbs	-8.3636	-1.5725	1.000
xyAbs	-8.3664	-1.5649	1.000
xyAbs	-8.3691	-1.5571	1.000
xyAbs	-8.3715	-1.5489	1.000
xyAbs	-8.3738	-1.5404	1.000
xyAbs	-8.3759	-1.5311	1.000
xyAbs	-8.3778	-1.5215	1.000
xyAbs	-8.3793	-1.5106	1.000
xyAbs	-8.3807	-1.4994	1.000
xyAbs	-8.3823	-1.4742	1.000
xyAbs	-8.3829	-1.4585	1.000
xyAbs	-8.3831	-1.4538	1.000
xyAbs	-8.3833	-1.4503	1.000
xyAbs	-8.3833	-1.4503	1.000
xyAbs	-8.3833	-1.4503	1.000
xyAbs	-8.3833	-1.4503	1.000
xyAbs	-8.3833	-1.4503	1.000
xyAbs	-8.3833	-1.4503	1.000
xyAbs	-8.3833	-1.4503	1.000
xyAbs	-8.3833	-1.4503	1.000
xyAbs	-8.3833	-1.4503	1.000
xyAbs	-8.3833	-1.4503	1.000
xyAbs	-8.3833	-1.4503	1.000
xyAbs	-8.3833	-1.4503	1.000
xyAbs	-8.3833	-1.4503	1.000
xyAbs	-8.3833	-1.4503	1.000
xyAbs	-8.3833	-1.4503	1.000
xyAbs	-8.3833	-1.4503	1.000
xyAbs	-8.3833	-1.4503	1.000
xyAbs	-8.3833	-1.4503	1.000
xyAbs	-8.3833	-1.4503	1.000
xyAbs	-8.3833	-1.4503	1.000
xyAbs	-8.3833	-1.4503	1.000
xyAbs	-8.3833	-1.4503	1.000
xyAbs	-8.3833	-1.4503	1.000
xyAbs	-8.3833	-1.4503	1.000
xyAbs	-8.3833	-1.4503	1.000
xyAbs	-8.3833	-1.4503	1.000
xyAbs	-8.3833	-1.4503	1.000
xyAbs	-8.3833	-1.4503	1.000
xyAbs	-8.3833	-1.4503	1.000
xyAbs	-8.3834	-1.4512	1.000
xyAbs	-8.3835	-1.4521	1.000
xyAbs	-8.3857	-1.5003	1.000
xyAbs	-8.3928	-1.6008	1.000
xyAbs	-8.3960	-1.6220	1.000
xyAbs	-8.3997	-1.6425	1.000
xyAbs	-8.4050	-1.6660	1.000
xyAbs	-8.4122	-1.6944	1.000
xyAbs	-8.4249	-1.7361	1.000
xyAbs	-8.4391	-1.7791	1.000
xyAbs	-8.4625	-1.8403	1.000
xyAbs	-8.4876	-1.9019	1.000
xyAbs	-8.5109	-1.9524	1.000
xyAbs	-8.5519	-2.0368	1.000
xyAbs	-8.5882	-2.1028	1.000
xyAbs	-8.6259	-2.1677	1.000
xyAbs	-8.6672	-2.2317	1.000
xyAbs	-8.7099	-2.2946	1.000
xyAbs	-8.7573	-2.3577	1.000
xyAbs	-8.8060	-2.4196	1.000
xyAbs	-8.8585	-2.4800	1.000
xyAbs	-8.9122	-2.5391	1.000
xyAbs	-8.9708	-2.5978	1.000
xyAbs	-9.0307	-2.6549	1.000
xyAbs	-9.0956	-2.7112	1.000
xyAbs	-9.1617	-2.7659	1.000
xyAbs	-9.2328	-2.8192	1.000
xyAbs	-9.3049	-2.8708	1.000
xyAbs	-9.3724	-2.9144	1.000
xyAbs	-9.4609	-2.9687	1.000
xyAbs	-9.5498	-3.0174	1.000
xyAbs	-9.6398	-3.0641	1.000
xyAbs	-9.7453	-3.1125	1.000
xyAbs	-9.8520	-3.1584	1.000
xyAbs	-9.9832	-3.2076	1.000
xyAbs	-10.1159	-3.2539	1.000
xyAbs	-10.3028	-3.3091	1.000
xyAbs	-10.4919	-3.3602	1.000
xyAbs	-12.5686	-3.8361	1.000
xyAbs	-15.8269	-4.7133	1.000
xyAbs	-17.0469	-5.1206	1.000
xyAbs	-18.2799	-5.5415	1.000
vtip	0.000000
# end	A15	

# A9A	False	20.0	1.0	0.0	0.1	0.0	False	(255, 0, 255)	POLYLINE	
vtip	0.000000
xyAbs	-13.9517	-11.8602	4.000
vtip	0.000000
xyAbs	-13.9517	-11.8602	1.000
xyAbs	-11.3811	-9.6654	1.000
xyAbs	-9.0296	-7.1671	1.000
xyAbs	-8.6797	-6.8206	1.000
xyAbs	-8.3391	-6.4676	1.000
xyAbs	-8.1711	-6.2745	1.000
xyAbs	-8.0089	-6.0792	1.000
xyAbs	-7.8995	-5.9335	1.000
xyAbs	-7.7942	-5.7866	1.000
xyAbs	-7.7155	-5.6648	1.000
xyAbs	-7.6400	-5.5421	1.000
xyAbs	-7.5804	-5.4336	1.000
xyAbs	-7.5236	-5.3245	1.000
xyAbs	-7.4784	-5.2262	1.000
xyAbs	-7.4357	-5.1274	1.000
xyAbs	-7.4028	-5.0399	1.000
xyAbs	-7.3719	-4.9519	1.000
xyAbs	-7.3468	-4.8672	1.000
xyAbs	-7.3236	-4.7821	1.000
xyAbs	-7.3056	-4.7004	1.000
xyAbs	-7.2895	-4.6183	1.000
xyAbs	-7.2782	-4.5397	1.000
xyAbs	-7.2686	-4.4608	1.000
xyAbs	-7.2619	-4.3628	1.000
xyAbs	-7.2594	-4.3071	1.000
xyAbs	-7.2594	-4.2259	1.000
xyAbs	-7.2613	-4.1443	1.000
xyAbs	-7.2678	-4.0530	1.000
xyAbs	-7.2765	-3.9613	1.000
xyAbs	-7.2915	-3.8559	1.000
xyAbs	-7.3090	-3.7503	1.000
xyAbs	-7.3356	-3.6270	1.000
xyAbs	-7.3652	-3.5036	1.000
xyAbs	-7.4014	-3.3778	1.000
xyAbs	-7.4539	-3.2103	1.000
xyAbs	-7.5144	-3.0456	1.000
xyAbs	-7.5787	-2.8820	1.000
xyAbs	-7.6569	-2.7078	1.000
xyAbs	-7.7387	-2.5362	1.000
xyAbs	-7.8282	-2.3691	1.000
xyAbs	-7.9205	-2.2060	1.000
xyAbs	-8.0133	-2.0584	1.000
xyAbs	-8.1077	-1.9158	1.000
xyAbs	-8.1935	-1.7985	1.000
xyAbs	-8.2799	-1.6860	1.000
xyAbs	-8.3186	-1.6385	1.000
xyAbs	-8.3361	-1.6157	1.000
xyAbs	-8.3413	-1.6078	1.000
xyAbs	-8.3465	-1.5996	1.000
xyAbs	-8.3506	-1.5924	1.000
xyAbs	-8.3546	-1.5850	1.000
xyAbs	-8.3581	-1.5777	1.000
xyAbs	-8.3614	-1.5703	1.000
xyAbs	-8.3644	-1.5626	1.000
xyAbs	-8.3673	-1.5548	1.000
xyAbs	-8.3699	-1.5464	1.000
xyAbs	-8.3723	-1.5378	1.000
xyAbs	-8.3746	-1.5283	1.000
xyAbs	-8.3766	-1.5185	1.000
xyAbs	-8.3784	-1.5075	1.000
xyAbs	-8.3800	-1.4960	1.000
xyAbs	-8.3822	-1.4665	1.000
xyAbs	-8.3833	-1.4503	1.000
xyAbs	-8.3833	-1.4503	1.000
xyAbs	-8.3833	-1.4503	1.000
xyAbs	-8.3833	-1.4503	1.000
xyAbs	-8.3833	-1.4503	1.000
xyAbs	-8.3833	-1.4503	1.000
xyAbs	-8.3833	-1.4503	1.000
xyAbs	-8.3833	-1.4503	1.000
xyAbs	-8.3833	-1.4503	1.000
xyAbs	-8.3833	-1.4503	1.000
xyAbs	-8.3833	-1.4503	1.000
xyAbs	-8.3833	-1.4503	1.000
xyAbs	-8.3833	-1.4503	1.000
xyAbs	-8.3833	-1.4503	1.000
xyAbs	-8.3833	-1.4503	1.000
xyAbs	-8.3833	-1.4503	1.000
xyAbs	-8.3833	-1.4503	1.000
xyAbs	-8.3833	-1.4503	1.000
xyAbs	-8.3833	-1.4503	1.000
xyAbs	-8.3833	-1.4503	1.000
xyAbs	-8.3833	-1.4503	1.000
xyAbs	-8.3833	-1.4503	1.000
xyAbs	-8.3833	-1.4503	1.000
xyAbs	-8.3833	-1.4503	1.000
xyAbs	-8.3833	-1.4503	1.000
xyAbs	-8.3833	-1.4503	1.000
xyAbs	-8.3833	-1.4503	1.000
xyAbs	-8.3833	-1.4503	1.000
xyAbs	-8.3834	-1.4509	1.000
xyAbs	-8.3834	-1.4514	1.000
xyAbs	-8.3847	-1.5053	1.000
xyAbs	-8.3901	-1.6149	1.000
xyAbs	-8.3931	-1.6353	1.000
xyAbs	-8.3964	-1.6554	1.000
xyAbs	-8.4017	-1.6799	1.000
xyAbs	-8.4088	-1.7092	1.000
xyAbs	-8.4213	-1.7517	1.000
xyAbs	-8.4352	-1.7954	1.000
xyAbs	-8.4579	-1.8571	1.000
xyAbs	-8.4857	-1.9271	1.000
xyAbs	-8.5192	-2.0016	1.000
xyAbs	-8.5541	-2.0749	1.000
xyAbs	-8.5930	-2.1473	1.000
xyAbs	-8.6334	-2.2185	1.000
xyAbs	-8.6777	-2.2886	1.000
xyAbs	-8.7234	-2.3574	1.000
xyAbs	-8.7730	-2.4248	1.000
xyAbs	-8.8241	-2.4909	1.000
xyAbs	-8.8790	-2.5553	1.000
xyAbs	-8.9353	-2.6184	1.000
xyAbs	-8.9954	-2.6795	1.000
xyAbs	-9.0567	-2.7392	1.000
xyAbs	-9.1219	-2.7968	1.000
xyAbs	-9.1882	-2.8527	1.000
xyAbs	-9.2546	-2.9038	1.000
xyAbs	-9.3307	-2.9594	1.000
xyAbs	-9.4104	-3.0118	1.000
xyAbs	-9.4911	-3.0625	1.000
xyAbs	-9.5844	-3.1148	1.000
xyAbs	-9.6788	-3.1650	1.000
xyAbs	-9.7918	-3.2182	1.000
xyAbs	-9.9062	-3.2690	1.000
xyAbs	-10.0537	-3.3262	1.000
xyAbs	-10.2032	-3.3802	1.000
xyAbs	-10.4451	-3.4543	1.000
xyAbs	-10.6900	-3.5232	1.000
xyAbs	-12.3553	-3.9591	1.000
xyAbs	-14.9152	-4.7112	1.000
xyAbs	-16.5280	-5.2797	1.000
xyAbs	-18.1479	-5.8692	1.000
vtip	0.000000
# end	A9A	
xyAbs	0.0000	0.0000	4.000
